  1.0000000E+00  0.0000000E+00  0.0000000E+00  0.0000000E+00
  9.9900000E-01  3.3325917E-04  5.5611151E-08  6.1862316E-12
  9.9800000E-01  6.6636969E-04  2.2266730E-07  4.9597319E-11
  9.9700000E-01  9.9933105E-04  5.0150320E-07  1.6775467E-10
  9.9600000E-01  1.3321427E-03  8.9245456E-07  3.9850530E-10
  9.9500000E-01  1.6648042E-03  1.3958580E-06  7.8002421E-10
  9.9400000E-01  1.9973150E-03  2.0120513E-06  1.3508167E-09
  9.9300000E-01  2.3296746E-03  2.7413728E-06  2.1497207E-09
  9.9200000E-01  2.6618824E-03  3.5841622E-06  3.2159094E-09
  9.9100000E-01  2.9939380E-03  4.5407599E-06  4.5888933E-09
  9.9000000E-01  3.3258408E-03  5.6115074E-06  6.3085228E-09
  9.8900000E-01  3.6575903E-03  6.7967471E-06  8.4149908E-09
  9.8800000E-01  3.9891860E-03  8.0968225E-06  1.0948835E-08
  9.8700000E-01  4.3206273E-03  9.5120779E-06  1.3950940E-08
  9.8600000E-01  4.6519138E-03  1.1042859E-05  1.7462541E-08
  9.8500000E-01  4.9830448E-03  1.2689511E-05  2.1525224E-08
  9.8400000E-01  5.3140199E-03  1.4452382E-05  2.6180932E-08
  9.8300000E-01  5.6448385E-03  1.6331821E-05  3.1471963E-08
  9.8200000E-01  5.9755000E-03  1.8328176E-05  3.7440977E-08
  9.8100000E-01  6.3060041E-03  2.0441798E-05  4.4130995E-08
  9.8000000E-01  6.6363500E-03  2.2673038E-05  5.1585404E-08
  9.7900000E-01  6.9665373E-03  2.5022248E-05  5.9847957E-08
  9.7800000E-01  7.2965654E-03  2.7489781E-05  6.8962781E-08
  9.7700000E-01  7.6264337E-03  3.0075992E-05  7.8974372E-08
  9.7600000E-01  7.9561418E-03  3.2781236E-05  8.9927604E-08
  9.7500000E-01  8.2856891E-03  3.5605869E-05  1.0186773E-07
  9.7400000E-01  8.6150749E-03  3.8550248E-05  1.1484038E-07
  9.7300000E-01  8.9442989E-03  4.1614732E-05  1.2889157E-07
  9.7200000E-01  9.2733603E-03  4.4799680E-05  1.4406771E-07
  9.7100000E-01  9.6022587E-03  4.8105451E-05  1.6041559E-07
  9.7000000E-01  9.9309935E-03  5.1532407E-05  1.7798239E-07
  9.6900000E-01  1.0259564E-02  5.5080911E-05  1.9681569E-07
  9.6800000E-01  1.0587970E-02  5.8751326E-05  2.1696347E-07
  9.6700000E-01  1.0916211E-02  6.2544015E-05  2.3847411E-07
  9.6600000E-01  1.1244285E-02  6.6459345E-05  2.6139638E-07
  9.6500000E-01  1.1572193E-02  7.0497681E-05  2.8577949E-07
  9.6400000E-01  1.1899935E-02  7.4659392E-05  3.1167302E-07
  9.6300000E-01  1.2227508E-02  7.8944844E-05  3.3912698E-07
  9.6200000E-01  1.2554914E-02  8.3354408E-05  3.6819180E-07
  9.6100000E-01  1.2882151E-02  8.7888454E-05  3.9891833E-07
  9.6000000E-01  1.3209218E-02  9.2547354E-05  4.3135781E-07
  9.5900000E-01  1.3536115E-02  9.7331480E-05  4.6556195E-07
  9.5800000E-01  1.3862842E-02  1.0224121E-04  5.0158286E-07
  9.5700000E-01  1.4189398E-02  1.0727691E-04  5.3947307E-07
  9.5600000E-01  1.4515783E-02  1.1243895E-04  5.7928558E-07
  9.5500000E-01  1.4841995E-02  1.1772773E-04  6.2107380E-07
  9.5400000E-01  1.5168034E-02  1.2314361E-04  6.6489157E-07
  9.5300000E-01  1.5493899E-02  1.2868697E-04  7.1079320E-07
  9.5200000E-01  1.5819591E-02  1.3435820E-04  7.5883344E-07
  9.5100000E-01  1.6145108E-02  1.4015767E-04  8.0906746E-07
  9.5000000E-01  1.6470450E-02  1.4608576E-04  8.6155092E-07
  9.4900000E-01  1.6795616E-02  1.5214287E-04  9.1633992E-07
  9.4800000E-01  1.7120605E-02  1.5832936E-04  9.7349101E-07
  9.4700000E-01  1.7445417E-02  1.6464564E-04  1.0330612E-06
  9.4600000E-01  1.7770052E-02  1.7109207E-04  1.0951080E-06
  9.4500000E-01  1.8094508E-02  1.7766906E-04  1.1596894E-06
  9.4400000E-01  1.8418786E-02  1.8437699E-04  1.2268637E-06
  9.4300000E-01  1.8742884E-02  1.9121624E-04  1.2966899E-06
  9.4200000E-01  1.9066802E-02  1.9818722E-04  1.3692274E-06
  9.4100000E-01  1.9390539E-02  2.0529030E-04  1.4445360E-06
  9.4000000E-01  1.9714094E-02  2.1252589E-04  1.5226761E-06
  9.3900000E-01  2.0037468E-02  2.1989438E-04  1.6037085E-06
  9.3800000E-01  2.0360659E-02  2.2739615E-04  1.6876945E-06
  9.3700000E-01  2.0683667E-02  2.3503162E-04  1.7746960E-06
  9.3600000E-01  2.1006490E-02  2.4280117E-04  1.8647753E-06
  9.3500000E-01  2.1329130E-02  2.5070520E-04  1.9579952E-06
  9.3400000E-01  2.1651584E-02  2.5874411E-04  2.0544191E-06
  9.3300000E-01  2.1973852E-02  2.6691830E-04  2.1541108E-06
  9.3200000E-01  2.2295934E-02  2.7522818E-04  2.2571346E-06
  9.3100000E-01  2.2617829E-02  2.8367414E-04  2.3635554E-06
  9.3000000E-01  2.2939535E-02  2.9225659E-04  2.4734387E-06
  9.2900000E-01  2.3261054E-02  3.0097593E-04  2.5868504E-06
  9.2800000E-01  2.3582383E-02  3.0983257E-04  2.7038568E-06
  9.2700000E-01  2.3903523E-02  3.1882692E-04  2.8245251E-06
  9.2600000E-01  2.4224473E-02  3.2795938E-04  2.9489227E-06
  9.2500000E-01  2.4545231E-02  3.3723036E-04  3.0771176E-06
  9.2400000E-01  2.4865798E-02  3.4664028E-04  3.2091786E-06
  9.2300000E-01  2.5186172E-02  3.5618953E-04  3.3451747E-06
  9.2200000E-01  2.5506353E-02  3.6587855E-04  3.4851757E-06
  9.2100000E-01  2.5826341E-02  3.7570773E-04  3.6292517E-06
  9.2000000E-01  2.6146134E-02  3.8567750E-04  3.7774737E-06
  9.1900000E-01  2.6465732E-02  3.9578827E-04  3.9299130E-06
  9.1800000E-01  2.6785135E-02  4.0604045E-04  4.0866416E-06
  9.1700000E-01  2.7104341E-02  4.1643447E-04  4.2477320E-06
  9.1600000E-01  2.7423350E-02  4.2697074E-04  4.4132573E-06
  9.1500000E-01  2.7742162E-02  4.3764969E-04  4.5832912E-06
  9.1400000E-01  2.8060775E-02  4.4847173E-04  4.7579079E-06
  9.1300000E-01  2.8379188E-02  4.5943729E-04  4.9371823E-06
  9.1200000E-01  2.8697402E-02  4.7054678E-04  5.1211899E-06
  9.1100000E-01  2.9015416E-02  4.8180065E-04  5.3100067E-06
  9.1000000E-01  2.9333228E-02  4.9319930E-04  5.5037093E-06
  9.0900000E-01  2.9650838E-02  5.0474318E-04  5.7023750E-06
  9.0800000E-01  2.9968246E-02  5.1643270E-04  5.9060817E-06
  9.0700000E-01  3.0285451E-02  5.2826829E-04  6.1149078E-06
  9.0600000E-01  3.0602451E-02  5.4025039E-04  6.3289324E-06
  9.0500000E-01  3.0919247E-02  5.5237943E-04  6.5482353E-06
  9.0400000E-01  3.1235837E-02  5.6465584E-04  6.7728967E-06
  9.0300000E-01  3.1552222E-02  5.7708005E-04  7.0029976E-06
  9.0200000E-01  3.1868399E-02  5.8965250E-04  7.2386198E-06
  9.0100000E-01  3.2184369E-02  6.0237363E-04  7.4798453E-06
  9.0000000E-01  3.2500130E-02  6.1524387E-04  7.7267572E-06
  8.9900000E-01  3.2815683E-02  6.2826366E-04  7.9794389E-06
  8.9800000E-01  3.3131025E-02  6.4143344E-04  8.2379747E-06
  8.9700000E-01  3.3446158E-02  6.5475366E-04  8.5024494E-06
  8.9600000E-01  3.3761079E-02  6.6822474E-04  8.7729485E-06
  8.9500000E-01  3.4075788E-02  6.8184715E-04  9.0495583E-06
  8.9400000E-01  3.4390284E-02  6.9562131E-04  9.3323656E-06
  8.9300000E-01  3.4704567E-02  7.0954768E-04  9.6214579E-06
  8.9200000E-01  3.5018636E-02  7.2362670E-04  9.9169235E-06
  8.9100000E-01  3.5332490E-02  7.3785882E-04  1.0218851E-05
  8.9000000E-01  3.5646128E-02  7.5224450E-04  1.0527331E-05
  8.8900000E-01  3.5959550E-02  7.6678417E-04  1.0842453E-05
  8.8800000E-01  3.6272755E-02  7.8147829E-04  1.1164307E-05
  8.8700000E-01  3.6585742E-02  7.9632732E-04  1.1492987E-05
  8.8600000E-01  3.6898510E-02  8.1133170E-04  1.1828584E-05
  8.8500000E-01  3.7211059E-02  8.2649189E-04  1.2171191E-05
  8.8400000E-01  3.7523387E-02  8.4180836E-04  1.2520903E-05
  8.8300000E-01  3.7835495E-02  8.5728154E-04  1.2877814E-05
  8.8200000E-01  3.8147381E-02  8.7291192E-04  1.3242018E-05
  8.8100000E-01  3.8459044E-02  8.8869993E-04  1.3613613E-05
  8.8000000E-01  3.8770484E-02  9.0464605E-04  1.3992696E-05
  8.7900000E-01  3.9081700E-02  9.2075073E-04  1.4379362E-05
  8.7800000E-01  3.9392691E-02  9.3701444E-04  1.4773712E-05
  8.7700000E-01  3.9703457E-02  9.5343765E-04  1.5175844E-05
  8.7600000E-01  4.0013996E-02  9.7002081E-04  1.5585858E-05
  8.7500000E-01  4.0324308E-02  9.8676440E-04  1.6003854E-05
  8.7400000E-01  4.0634392E-02  1.0036689E-03  1.6429935E-05
  8.7300000E-01  4.0944247E-02  1.0207347E-03  1.6864201E-05
  8.7200000E-01  4.1253872E-02  1.0379624E-03  1.7306756E-05
  8.7100000E-01  4.1563267E-02  1.0553524E-03  1.7757705E-05
  8.7000000E-01  4.1872431E-02  1.0729051E-03  1.8217150E-05
  8.6900000E-01  4.2181363E-02  1.0906212E-03  1.8685198E-05
  8.6800000E-01  4.2490062E-02  1.1085009E-03  1.9161956E-05
  8.6700000E-01  4.2798528E-02  1.1265448E-03  1.9647529E-05
  8.6600000E-01  4.3106759E-02  1.1447534E-03  2.0142025E-05
  8.6500000E-01  4.3414754E-02  1.1631272E-03  2.0645554E-05
  8.6400000E-01  4.3722514E-02  1.1816666E-03  2.1158225E-05
  8.6300000E-01  4.4030037E-02  1.2003722E-03  2.1680148E-05
  8.6200000E-01  4.4337322E-02  1.2192443E-03  2.2211434E-05
  8.6100000E-01  4.4644368E-02  1.2382835E-03  2.2752195E-05
  8.6000000E-01  4.4951175E-02  1.2574903E-03  2.3302545E-05
  8.5900000E-01  4.5257742E-02  1.2768651E-03  2.3862596E-05
  8.5800000E-01  4.5564068E-02  1.2964085E-03  2.4432463E-05
  8.5700000E-01  4.5870152E-02  1.3161210E-03  2.5012263E-05
  8.5600000E-01  4.6175993E-02  1.3360029E-03  2.5602110E-05
  8.5500000E-01  4.6481590E-02  1.3560549E-03  2.6202123E-05
  8.5400000E-01  4.6786943E-02  1.3762773E-03  2.6812420E-05
  8.5300000E-01  4.7092050E-02  1.3966708E-03  2.7433119E-05
  8.5200000E-01  4.7396912E-02  1.4172357E-03  2.8064341E-05
  8.5100000E-01  4.7701526E-02  1.4379726E-03  2.8706206E-05
  8.5000000E-01  4.8005893E-02  1.4588821E-03  2.9358837E-05
  8.4900000E-01  4.8310010E-02  1.4799645E-03  3.0022355E-05
  8.4800000E-01  4.8613878E-02  1.5012204E-03  3.0696885E-05
  8.4700000E-01  4.8917495E-02  1.5226502E-03  3.1382551E-05
  8.4600000E-01  4.9220861E-02  1.5442546E-03  3.2079478E-05
  8.4500000E-01  4.9523975E-02  1.5660339E-03  3.2787794E-05
  8.4400000E-01  4.9826836E-02  1.5879887E-03  3.3507625E-05
  8.4300000E-01  5.0129442E-02  1.6101196E-03  3.4239100E-05
  8.4200000E-01  5.0431794E-02  1.6324269E-03  3.4982348E-05
  8.4100000E-01  5.0733889E-02  1.6549112E-03  3.5737500E-05
  8.4000000E-01  5.1035728E-02  1.6775731E-03  3.6504687E-05
  8.3900000E-01  5.1337309E-02  1.7004130E-03  3.7284042E-05
  8.3800000E-01  5.1638632E-02  1.7234315E-03  3.8075697E-05
  8.3700000E-01  5.1939695E-02  1.7466289E-03  3.8879787E-05
  8.3600000E-01  5.2240498E-02  1.7700060E-03  3.9696448E-05
  8.3500000E-01  5.2541039E-02  1.7935632E-03  4.0525815E-05
  8.3400000E-01  5.2841319E-02  1.8173009E-03  4.1368027E-05
  8.3300000E-01  5.3141335E-02  1.8412198E-03  4.2223221E-05
  8.3200000E-01  5.3441087E-02  1.8653203E-03  4.3091538E-05
  8.3100000E-01  5.3740574E-02  1.8896030E-03  4.3973117E-05
  8.3000000E-01  5.4039795E-02  1.9140683E-03  4.4868101E-05
  8.2900000E-01  5.4338750E-02  1.9387169E-03  4.5776632E-05
  8.2800000E-01  5.4637436E-02  1.9635492E-03  4.6698854E-05
  8.2700000E-01  5.4935854E-02  1.9885657E-03  4.7634912E-05
  8.2600000E-01  5.5234002E-02  2.0137670E-03  4.8584951E-05
  8.2500000E-01  5.5531880E-02  2.0391536E-03  4.9549119E-05
  8.2400000E-01  5.5829486E-02  2.0647261E-03  5.0527564E-05
  8.2300000E-01  5.6126819E-02  2.0904849E-03  5.1520436E-05
  8.2200000E-01  5.6423879E-02  2.1164306E-03  5.2527883E-05
  8.2100000E-01  5.6720665E-02  2.1425638E-03  5.3550059E-05
  8.2000000E-01  5.7017175E-02  2.1688849E-03  5.4587115E-05
  8.1900000E-01  5.7313409E-02  2.1953945E-03  5.5639206E-05
  8.1800000E-01  5.7609365E-02  2.2220931E-03  5.6706487E-05
  8.1700000E-01  5.7905043E-02  2.2489813E-03  5.7789113E-05
  8.1600000E-01  5.8200442E-02  2.2760596E-03  5.8887242E-05
  8.1500000E-01  5.8495560E-02  2.3033286E-03  6.0001032E-05
  8.1400000E-01  5.8790397E-02  2.3307888E-03  6.1130644E-05
  8.1300000E-01  5.9084952E-02  2.3584407E-03  6.2276237E-05
  8.1200000E-01  5.9379224E-02  2.3862848E-03  6.3437974E-05
  8.1100000E-01  5.9673211E-02  2.4143218E-03  6.4616019E-05
  8.1000000E-01  5.9966913E-02  2.4425522E-03  6.5810535E-05
  8.0900000E-01  6.0260329E-02  2.4709764E-03  6.7021689E-05
  8.0800000E-01  6.0553457E-02  2.4995952E-03  6.8249647E-05
  8.0700000E-01  6.0846297E-02  2.5284089E-03  6.9494578E-05
  8.0600000E-01  6.1138848E-02  2.5574182E-03  7.0756651E-05
  8.0500000E-01  6.1431108E-02  2.5866237E-03  7.2036037E-05
  8.0400000E-01  6.1723077E-02  2.6160258E-03  7.3332908E-05
  8.0300000E-01  6.2014754E-02  2.6456251E-03  7.4647437E-05
  8.0200000E-01  6.2306137E-02  2.6754222E-03  7.5979799E-05
  8.0100000E-01  6.2597226E-02  2.7054176E-03  7.7330170E-05
  8.0000000E-01  6.2888020E-02  2.7356119E-03  7.8698727E-05
  7.9900000E-01  6.3178516E-02  2.7660057E-03  8.0085648E-05
  7.9800000E-01  6.3468715E-02  2.7965995E-03  8.1491114E-05
  7.9700000E-01  6.3758616E-02  2.8273939E-03  8.2915305E-05
  7.9600000E-01  6.4048217E-02  2.8583894E-03  8.4358405E-05
  7.9500000E-01  6.4337517E-02  2.8895866E-03  8.5820596E-05
  7.9400000E-01  6.4626515E-02  2.9209861E-03  8.7302065E-05
  7.9300000E-01  6.4915210E-02  2.9525884E-03  8.8802998E-05
  7.9200000E-01  6.5203602E-02  2.9843942E-03  9.0323584E-05
  7.9100000E-01  6.5491688E-02  3.0164038E-03  9.1864010E-05
  7.9000000E-01  6.5779468E-02  3.0486181E-03  9.3424469E-05
  7.8900000E-01  6.6066942E-02  3.0810374E-03  9.5005153E-05
  7.8800000E-01  6.6354106E-02  3.1136625E-03  9.6606256E-05
  7.8700000E-01  6.6640962E-02  3.1464938E-03  9.8227972E-05
  7.8600000E-01  6.6927507E-02  3.1795319E-03  9.9870498E-05
  7.8500000E-01  6.7213740E-02  3.2127774E-03  1.0153403E-04
  7.8400000E-01  6.7499661E-02  3.2462310E-03  1.0321877E-04
  7.8300000E-01  6.7785268E-02  3.2798931E-03  1.0492493E-04
  7.8200000E-01  6.8070560E-02  3.3137643E-03  1.0665269E-04
  7.8100000E-01  6.8355536E-02  3.3478453E-03  1.0840227E-04
  7.8000000E-01  6.8640195E-02  3.3821366E-03  1.1017386E-04
  7.7900000E-01  6.8924536E-02  3.4166387E-03  1.1196769E-04
  7.7800000E-01  6.9208557E-02  3.4513524E-03  1.1378395E-04
  7.7700000E-01  6.9492258E-02  3.4862781E-03  1.1562286E-04
  7.7600000E-01  6.9775637E-02  3.5214165E-03  1.1748463E-04
  7.7500000E-01  7.0058693E-02  3.5567681E-03  1.1936947E-04
  7.7400000E-01  7.0341426E-02  3.5923335E-03  1.2127760E-04
  7.7300000E-01  7.0623833E-02  3.6281134E-03  1.2320923E-04
  7.7200000E-01  7.0905915E-02  3.6641082E-03  1.2516458E-04
  7.7100000E-01  7.1187669E-02  3.7003187E-03  1.2714387E-04
  7.7000000E-01  7.1469094E-02  3.7367453E-03  1.2914732E-04
  7.6900000E-01  7.1750190E-02  3.7733888E-03  1.3117515E-04
  7.6800000E-01  7.2030955E-02  3.8102496E-03  1.3322760E-04
  7.6700000E-01  7.2311387E-02  3.8473284E-03  1.3530488E-04
  7.6600000E-01  7.2591487E-02  3.8846258E-03  1.3740723E-04
  7.6500000E-01  7.2871252E-02  3.9221423E-03  1.3953486E-04
  7.6400000E-01  7.3150682E-02  3.9598787E-03  1.4168802E-04
  7.6300000E-01  7.3429775E-02  3.9978354E-03  1.4386694E-04
  7.6200000E-01  7.3708529E-02  4.0360131E-03  1.4607185E-04
  7.6100000E-01  7.3986945E-02  4.0744124E-03  1.4830299E-04
  7.6000000E-01  7.4265020E-02  4.1130339E-03  1.5056059E-04
  7.5900000E-01  7.4542754E-02  4.1518782E-03  1.5284490E-04
  7.5800000E-01  7.4820145E-02  4.1909459E-03  1.5515616E-04
  7.5700000E-01  7.5097192E-02  4.2302376E-03  1.5749461E-04
  7.5600000E-01  7.5373894E-02  4.2697540E-03  1.5986049E-04
  7.5500000E-01  7.5650249E-02  4.3094956E-03  1.6225406E-04
  7.5400000E-01  7.5926257E-02  4.3494630E-03  1.6467556E-04
  7.5300000E-01  7.6201915E-02  4.3896569E-03  1.6712524E-04
  7.5200000E-01  7.6477224E-02  4.4300778E-03  1.6960336E-04
  7.5100000E-01  7.6752181E-02  4.4707265E-03  1.7211017E-04
  7.5000000E-01  7.7026786E-02  4.5116034E-03  1.7464593E-04
  7.4900000E-01  7.7301036E-02  4.5527093E-03  1.7721089E-04
  7.4800000E-01  7.7574932E-02  4.5940447E-03  1.7980531E-04
  7.4700000E-01  7.7848471E-02  4.6356102E-03  1.8242946E-04
  7.4600000E-01  7.8121652E-02  4.6774065E-03  1.8508360E-04
  7.4500000E-01  7.8394474E-02  4.7194343E-03  1.8776800E-04
  7.4400000E-01  7.8666936E-02  4.7616940E-03  1.9048292E-04
  7.4300000E-01  7.8939037E-02  4.8041864E-03  1.9322863E-04
  7.4200000E-01  7.9210775E-02  4.8469121E-03  1.9600541E-04
  7.4100000E-01  7.9482149E-02  4.8898716E-03  1.9881353E-04
  7.4000000E-01  7.9753157E-02  4.9330657E-03  2.0165326E-04
  7.3900000E-01  8.0023799E-02  4.9764949E-03  2.0452488E-04
  7.3800000E-01  8.0294072E-02  5.0201599E-03  2.0742868E-04
  7.3700000E-01  8.0563977E-02  5.0640613E-03  2.1036493E-04
  7.3600000E-01  8.0833510E-02  5.1081998E-03  2.1333392E-04
  7.3500000E-01  8.1102672E-02  5.1525758E-03  2.1633594E-04
  7.3400000E-01  8.1371461E-02  5.1971902E-03  2.1937126E-04
  7.3300000E-01  8.1639875E-02  5.2420436E-03  2.2244019E-04
  7.3200000E-01  8.1907913E-02  5.2871364E-03  2.2554301E-04
  7.3100000E-01  8.2175574E-02  5.3324695E-03  2.2868002E-04
  7.3000000E-01  8.2442856E-02  5.3780435E-03  2.3185152E-04
  7.2900000E-01  8.2709759E-02  5.4238588E-03  2.3505780E-04
  7.2800000E-01  8.2976280E-02  5.4699163E-03  2.3829917E-04
  7.2700000E-01  8.3242418E-02  5.5162166E-03  2.4157592E-04
  7.2600000E-01  8.3508172E-02  5.5627602E-03  2.4488837E-04
  7.2500000E-01  8.3773541E-02  5.6095479E-03  2.4823682E-04
  7.2400000E-01  8.4038524E-02  5.6565802E-03  2.5162158E-04
  7.2300000E-01  8.4303118E-02  5.7038579E-03  2.5504297E-04
  7.2200000E-01  8.4567323E-02  5.7513815E-03  2.5850129E-04
  7.2100000E-01  8.4831136E-02  5.7991517E-03  2.6199687E-04
  7.2000000E-01  8.5094558E-02  5.8471692E-03  2.6553002E-04
  7.1900000E-01  8.5357586E-02  5.8954345E-03  2.6910106E-04
  7.1800000E-01  8.5620218E-02  5.9439484E-03  2.7271033E-04
  7.1700000E-01  8.5882454E-02  5.9927115E-03  2.7635814E-04
  7.1600000E-01  8.6144293E-02  6.0417244E-03  2.8004482E-04
  7.1500000E-01  8.6405732E-02  6.0909877E-03  2.8377071E-04
  7.1400000E-01  8.6666770E-02  6.1405023E-03  2.8753613E-04
  7.1300000E-01  8.6927406E-02  6.1902686E-03  2.9134143E-04
  7.1200000E-01  8.7187639E-02  6.2402873E-03  2.9518694E-04
  7.1100000E-01  8.7447466E-02  6.2905591E-03  2.9907299E-04
  7.1000000E-01  8.7706887E-02  6.3410847E-03  3.0299995E-04
  7.0900000E-01  8.7965900E-02  6.3918647E-03  3.0696814E-04
  7.0800000E-01  8.8224504E-02  6.4428997E-03  3.1097793E-04
  7.0700000E-01  8.8482697E-02  6.4941904E-03  3.1502965E-04
  7.0600000E-01  8.8740477E-02  6.5457375E-03  3.1912366E-04
  7.0500000E-01  8.8997844E-02  6.5975416E-03  3.2326032E-04
  7.0400000E-01  8.9254795E-02  6.6496034E-03  3.2743999E-04
  7.0300000E-01  8.9511330E-02  6.7019236E-03  3.3166302E-04
  7.0200000E-01  8.9767447E-02  6.7545027E-03  3.3592979E-04
  7.0100000E-01  9.0023144E-02  6.8073415E-03  3.4024065E-04
  7.0000000E-01  9.0278419E-02  6.8604406E-03  3.4459598E-04
  6.9900000E-01  9.0533272E-02  6.9138006E-03  3.4899615E-04
  6.9800000E-01  9.0787701E-02  6.9674224E-03  3.5344153E-04
  6.9700000E-01  9.1041704E-02  7.0213064E-03  3.5793249E-04
  6.9600000E-01  9.1295280E-02  7.0754534E-03  3.6246943E-04
  6.9500000E-01  9.1548427E-02  7.1298640E-03  3.6705271E-04
  6.9400000E-01  9.1801144E-02  7.1845389E-03  3.7168273E-04
  6.9300000E-01  9.2053429E-02  7.2394787E-03  3.7635988E-04
  6.9200000E-01  9.2305280E-02  7.2946842E-03  3.8108454E-04
  6.9100000E-01  9.2556697E-02  7.3501560E-03  3.8585711E-04
  6.9000000E-01  9.2807677E-02  7.4058947E-03  3.9067799E-04
  6.8900000E-01  9.3058219E-02  7.4619011E-03  3.9554757E-04
  6.8800000E-01  9.3308322E-02  7.5181758E-03  4.0046626E-04
  6.8700000E-01  9.3557983E-02  7.5747194E-03  4.0543446E-04
  6.8600000E-01  9.3807202E-02  7.6315326E-03  4.1045258E-04
  6.8500000E-01  9.4055977E-02  7.6886162E-03  4.1552103E-04
  6.8400000E-01  9.4304305E-02  7.7459707E-03  4.2064023E-04
  6.8300000E-01  9.4552187E-02  7.8035969E-03  4.2581059E-04
  6.8200000E-01  9.4799619E-02  7.8614953E-03  4.3103254E-04
  6.8100000E-01  9.5046600E-02  7.9196668E-03  4.3630649E-04
  6.8000000E-01  9.5293129E-02  7.9781119E-03  4.4163288E-04
  6.7900000E-01  9.5539205E-02  8.0368313E-03  4.4701212E-04
  6.7800000E-01  9.5784825E-02  8.0958257E-03  4.5244467E-04
  6.7700000E-01  9.6029987E-02  8.1550958E-03  4.5793094E-04
  6.7600000E-01  9.6274691E-02  8.2146423E-03  4.6347138E-04
  6.7500000E-01  9.6518935E-02  8.2744657E-03  4.6906643E-04
  6.7400000E-01  9.6762717E-02  8.3345669E-03  4.7471654E-04
  6.7300000E-01  9.7006035E-02  8.3949464E-03  4.8042216E-04
  6.7200000E-01  9.7248887E-02  8.4556050E-03  4.8618373E-04
  6.7100000E-01  9.7491273E-02  8.5165433E-03  4.9200171E-04
  6.7000000E-01  9.7733190E-02  8.5777619E-03  4.9787656E-04
  6.6900000E-01  9.7974637E-02  8.6392617E-03  5.0380874E-04
  6.6800000E-01  9.8215611E-02  8.7010431E-03  5.0979872E-04
  6.6700000E-01  9.8456112E-02  8.7631070E-03  5.1584696E-04
  6.6600000E-01  9.8696138E-02  8.8254540E-03  5.2195394E-04
  6.6500000E-01  9.8935687E-02  8.8880848E-03  5.2812012E-04
  6.6400000E-01  9.9174757E-02  8.9510000E-03  5.3434600E-04
  6.6300000E-01  9.9413346E-02  9.0142003E-03  5.4063205E-04
  6.6200000E-01  9.9651454E-02  9.0776864E-03  5.4697875E-04
  6.6100000E-01  9.9889077E-02  9.1414590E-03  5.5338660E-04
  6.6000000E-01  1.0012621E-01  9.2055188E-03  5.5985608E-04
  6.5900000E-01  1.0036287E-01  9.2698664E-03  5.6638770E-04
  6.5800000E-01  1.0059903E-01  9.3345025E-03  5.7298195E-04
  6.5700000E-01  1.0083470E-01  9.3994277E-03  5.7963933E-04
  6.5600000E-01  1.0106988E-01  9.4646429E-03  5.8636036E-04
  6.5500000E-01  1.0130456E-01  9.5301486E-03  5.9314554E-04
  6.5400000E-01  1.0153875E-01  9.5959455E-03  5.9999539E-04
  6.5300000E-01  1.0177244E-01  9.6620342E-03  6.0691042E-04
  6.5200000E-01  1.0200563E-01  9.7284156E-03  6.1389116E-04
  6.5100000E-01  1.0223832E-01  9.7950902E-03  6.2093813E-04
  6.5000000E-01  1.0247050E-01  9.8620587E-03  6.2805186E-04
  6.4900000E-01  1.0270218E-01  9.9293218E-03  6.3523288E-04
  6.4800000E-01  1.0293336E-01  9.9968802E-03  6.4248173E-04
  6.4700000E-01  1.0316402E-01  1.0064735E-02  6.4979895E-04
  6.4600000E-01  1.0339418E-01  1.0132886E-02  6.5718509E-04
  6.4500000E-01  1.0362382E-01  1.0201334E-02  6.6464069E-04
  6.4400000E-01  1.0385295E-01  1.0270080E-02  6.7216631E-04
  6.4300000E-01  1.0408156E-01  1.0339125E-02  6.7976249E-04
  6.4200000E-01  1.0430966E-01  1.0408469E-02  6.8742981E-04
  6.4100000E-01  1.0453723E-01  1.0478114E-02  6.9516883E-04
  6.4000000E-01  1.0476429E-01  1.0548058E-02  7.0298010E-04
  6.3900000E-01  1.0499082E-01  1.0618305E-02  7.1086422E-04
  6.3800000E-01  1.0521683E-01  1.0688853E-02  7.1882175E-04
  6.3700000E-01  1.0544231E-01  1.0759704E-02  7.2685327E-04
  6.3600000E-01  1.0566726E-01  1.0830859E-02  7.3495938E-04
  6.3500000E-01  1.0589168E-01  1.0902317E-02  7.4314065E-04
  6.3400000E-01  1.0611556E-01  1.0974080E-02  7.5139768E-04
  6.3300000E-01  1.0633892E-01  1.1046149E-02  7.5973107E-04
  6.3200000E-01  1.0656173E-01  1.1118523E-02  7.6814142E-04
  6.3100000E-01  1.0678401E-01  1.1191205E-02  7.7662933E-04
  6.3000000E-01  1.0700575E-01  1.1264193E-02  7.8519543E-04
  6.2900000E-01  1.0722695E-01  1.1337490E-02  7.9384031E-04
  6.2800000E-01  1.0744760E-01  1.1411096E-02  8.0256461E-04
  6.2700000E-01  1.0766770E-01  1.1485011E-02  8.1136894E-04
  6.2600000E-01  1.0788726E-01  1.1559236E-02  8.2025394E-04
  6.2500000E-01  1.0810627E-01  1.1633772E-02  8.2922023E-04
  6.2400000E-01  1.0832473E-01  1.1708619E-02  8.3826845E-04
  6.2300000E-01  1.0854263E-01  1.1783778E-02  8.4739925E-04
  6.2200000E-01  1.0875998E-01  1.1859250E-02  8.5661327E-04
  6.2100000E-01  1.0897677E-01  1.1935035E-02  8.6591116E-04
  6.2000000E-01  1.0919300E-01  1.2011135E-02  8.7529358E-04
  6.1900000E-01  1.0940867E-01  1.2087549E-02  8.8476119E-04
  6.1800000E-01  1.0962377E-01  1.2164279E-02  8.9431465E-04
  6.1700000E-01  1.0983831E-01  1.2241324E-02  9.0395463E-04
  6.1600000E-01  1.1005228E-01  1.2318686E-02  9.1368181E-04
  6.1500000E-01  1.1026568E-01  1.2396366E-02  9.2349687E-04
  6.1400000E-01  1.1047851E-01  1.2474364E-02  9.3340049E-04
  6.1300000E-01  1.1069077E-01  1.2552680E-02  9.4339336E-04
  6.1200000E-01  1.1090245E-01  1.2631316E-02  9.5347617E-04
  6.1100000E-01  1.1111356E-01  1.2710272E-02  9.6364962E-04
  6.1000000E-01  1.1132408E-01  1.2789548E-02  9.7391443E-04
  6.0900000E-01  1.1153402E-01  1.2869145E-02  9.8427128E-04
  6.0800000E-01  1.1174338E-01  1.2949065E-02  9.9472091E-04
  6.0700000E-01  1.1195215E-01  1.3029307E-02  1.0052640E-03
  6.0600000E-01  1.1216033E-01  1.3109872E-02  1.0159014E-03
  6.0500000E-01  1.1236793E-01  1.3190762E-02  1.0266336E-03
  6.0400000E-01  1.1257493E-01  1.3271975E-02  1.0374616E-03
  6.0300000E-01  1.1278134E-01  1.3353514E-02  1.0483860E-03
  6.0200000E-01  1.1298715E-01  1.3435379E-02  1.0594075E-03
  6.0100000E-01  1.1319236E-01  1.3517570E-02  1.0705270E-03
  6.0000000E-01  1.1339697E-01  1.3600088E-02  1.0817451E-03
  5.9900000E-01  1.1360098E-01  1.3682934E-02  1.0930626E-03
  5.9800000E-01  1.1380439E-01  1.3766108E-02  1.1044804E-03
  5.9700000E-01  1.1400719E-01  1.3849612E-02  1.1159991E-03
  5.9600000E-01  1.1420937E-01  1.3933445E-02  1.1276195E-03
  5.9500000E-01  1.1441095E-01  1.4017608E-02  1.1393425E-03
  5.9400000E-01  1.1461192E-01  1.4102102E-02  1.1511688E-03
  5.9300000E-01  1.1481226E-01  1.4186927E-02  1.1630993E-03
  5.9200000E-01  1.1501200E-01  1.4272085E-02  1.1751346E-03
  5.9100000E-01  1.1521111E-01  1.4357575E-02  1.1872757E-03
  5.9000000E-01  1.1540960E-01  1.4443399E-02  1.1995232E-03
  5.8900000E-01  1.1560746E-01  1.4529557E-02  1.2118782E-03
  5.8800000E-01  1.1580470E-01  1.4616049E-02  1.2243413E-03
  5.8700000E-01  1.1600131E-01  1.4702877E-02  1.2369134E-03
  5.8600000E-01  1.1619729E-01  1.4790040E-02  1.2495953E-03
  5.8500000E-01  1.1639263E-01  1.4877540E-02  1.2623879E-03
  5.8400000E-01  1.1658734E-01  1.4965377E-02  1.2752920E-03
  5.8300000E-01  1.1678142E-01  1.5053552E-02  1.2883085E-03
  5.8200000E-01  1.1697485E-01  1.5142065E-02  1.3014383E-03
  5.8100000E-01  1.1716764E-01  1.5230916E-02  1.3146821E-03
  5.8000000E-01  1.1735979E-01  1.5320107E-02  1.3280409E-03
  5.7900000E-01  1.1755129E-01  1.5409639E-02  1.3415155E-03
  5.7800000E-01  1.1774214E-01  1.5499511E-02  1.3551069E-03
  5.7700000E-01  1.1793234E-01  1.5589724E-02  1.3688159E-03
  5.7600000E-01  1.1812189E-01  1.5680279E-02  1.3826434E-03
  5.7500000E-01  1.1831078E-01  1.5771176E-02  1.3965902E-03
  5.7400000E-01  1.1849902E-01  1.5862417E-02  1.4106575E-03
  5.7300000E-01  1.1868659E-01  1.5954001E-02  1.4248459E-03
  5.7200000E-01  1.1887350E-01  1.6045929E-02  1.4391565E-03
  5.7100000E-01  1.1905975E-01  1.6138202E-02  1.4535902E-03
  5.7000000E-01  1.1924533E-01  1.6230820E-02  1.4681480E-03
  5.6900000E-01  1.1943024E-01  1.6323784E-02  1.4828306E-03
  5.6800000E-01  1.1961447E-01  1.6417095E-02  1.4976392E-03
  5.6700000E-01  1.1979804E-01  1.6510753E-02  1.5125747E-03
  5.6600000E-01  1.1998093E-01  1.6604758E-02  1.5276379E-03
  5.6500000E-01  1.2016313E-01  1.6699111E-02  1.5428300E-03
  5.6400000E-01  1.2034466E-01  1.6793813E-02  1.5581518E-03
  5.6300000E-01  1.2052551E-01  1.6888865E-02  1.5736044E-03
  5.6200000E-01  1.2070566E-01  1.6984266E-02  1.5891887E-03
  5.6100000E-01  1.2088513E-01  1.7080017E-02  1.6049057E-03
  5.6000000E-01  1.2106391E-01  1.7176120E-02  1.6207565E-03
  5.5900000E-01  1.2124200E-01  1.7272573E-02  1.6367420E-03
  5.5800000E-01  1.2141939E-01  1.7369379E-02  1.6528632E-03
  5.5700000E-01  1.2159608E-01  1.7466537E-02  1.6691213E-03
  5.5600000E-01  1.2177207E-01  1.7564049E-02  1.6855171E-03
  5.5500000E-01  1.2194736E-01  1.7661913E-02  1.7020518E-03
  5.5400000E-01  1.2212195E-01  1.7760132E-02  1.7187264E-03
  5.5300000E-01  1.2229582E-01  1.7858706E-02  1.7355420E-03
  5.5200000E-01  1.2246899E-01  1.7957634E-02  1.7524995E-03
  5.5100000E-01  1.2264144E-01  1.8056918E-02  1.7696001E-03
  5.5000000E-01  1.2281318E-01  1.8156559E-02  1.7868449E-03
  5.4900000E-01  1.2298420E-01  1.8256555E-02  1.8042349E-03
  5.4800000E-01  1.2315450E-01  1.8356909E-02  1.8217712E-03
  5.4700000E-01  1.2332408E-01  1.8457621E-02  1.8394549E-03
  5.4600000E-01  1.2349293E-01  1.8558691E-02  1.8572872E-03
  5.4500000E-01  1.2366106E-01  1.8660119E-02  1.8752691E-03
  5.4400000E-01  1.2382846E-01  1.8761906E-02  1.8934017E-03
  5.4300000E-01  1.2399512E-01  1.8864053E-02  1.9116862E-03
  5.4200000E-01  1.2416105E-01  1.8966559E-02  1.9301238E-03
  5.4100000E-01  1.2432624E-01  1.9069427E-02  1.9487155E-03
  5.4000000E-01  1.2449069E-01  1.9172655E-02  1.9674626E-03
  5.3900000E-01  1.2465440E-01  1.9276244E-02  1.9863661E-03
  5.3800000E-01  1.2481736E-01  1.9380196E-02  2.0054272E-03
  5.3700000E-01  1.2497958E-01  1.9484509E-02  2.0246472E-03
  5.3600000E-01  1.2514104E-01  1.9589186E-02  2.0440272E-03
  5.3500000E-01  1.2530175E-01  1.9694225E-02  2.0635684E-03
  5.3400000E-01  1.2546171E-01  1.9799628E-02  2.0832720E-03
  5.3300000E-01  1.2562091E-01  1.9905396E-02  2.1031392E-03
  5.3200000E-01  1.2577935E-01  2.0011527E-02  2.1231712E-03
  5.3100000E-01  1.2593702E-01  2.0118024E-02  2.1433693E-03
  5.3000000E-01  1.2609393E-01  2.0224885E-02  2.1637347E-03
  5.2900000E-01  1.2625007E-01  2.0332113E-02  2.1842686E-03
  5.2800000E-01  1.2640544E-01  2.0439706E-02  2.2049723E-03
  5.2700000E-01  1.2656003E-01  2.0547666E-02  2.2258471E-03
  5.2600000E-01  1.2671385E-01  2.0655993E-02  2.2468942E-03
  5.2500000E-01  1.2686689E-01  2.0764687E-02  2.2681148E-03
  5.2400000E-01  1.2701915E-01  2.0873749E-02  2.2895104E-03
  5.2300000E-01  1.2717062E-01  2.0983179E-02  2.3110821E-03
  5.2200000E-01  1.2732131E-01  2.1092977E-02  2.3328314E-03
  5.2100000E-01  1.2747121E-01  2.1203144E-02  2.3547594E-03
  5.2000000E-01  1.2762031E-01  2.1313680E-02  2.3768675E-03
  5.1900000E-01  1.2776862E-01  2.1424585E-02  2.3991571E-03
  5.1800000E-01  1.2791614E-01  2.1535860E-02  2.4216295E-03
  5.1700000E-01  1.2806285E-01  2.1647506E-02  2.4442861E-03
  5.1600000E-01  1.2820876E-01  2.1759521E-02  2.4671281E-03
  5.1500000E-01  1.2835386E-01  2.1871908E-02  2.4901571E-03
  5.1400000E-01  1.2849816E-01  2.1984666E-02  2.5133743E-03
  5.1300000E-01  1.2864164E-01  2.2097795E-02  2.5367811E-03
  5.1200000E-01  1.2878431E-01  2.2211295E-02  2.5603790E-03
  5.1100000E-01  1.2892616E-01  2.2325168E-02  2.5841693E-03
  5.1000000E-01  1.2906719E-01  2.2439413E-02  2.6081535E-03
  5.0900000E-01  1.2920740E-01  2.2554031E-02  2.6323331E-03
  5.0800000E-01  1.2934679E-01  2.2669021E-02  2.6567093E-03
  5.0700000E-01  1.2948535E-01  2.2784385E-02  2.6812837E-03
  5.0600000E-01  1.2962308E-01  2.2900121E-02  2.7060578E-03
  5.0500000E-01  1.2975997E-01  2.3016232E-02  2.7310330E-03
  5.0400000E-01  1.2989603E-01  2.3132716E-02  2.7562107E-03
  5.0300000E-01  1.3003125E-01  2.3249575E-02  2.7815925E-03
  5.0200000E-01  1.3016562E-01  2.3366808E-02  2.8071799E-03
  5.0100000E-01  1.3029916E-01  2.3484415E-02  2.8329744E-03
  5.0000000E-01  1.3043184E-01  2.3602397E-02  2.8589774E-03
  4.9900000E-01  1.3056368E-01  2.3720755E-02  2.8851906E-03
  4.9800000E-01  1.3069466E-01  2.3839487E-02  2.9116154E-03
  4.9700000E-01  1.3082478E-01  2.3958595E-02  2.9382535E-03
  4.9600000E-01  1.3095405E-01  2.4078078E-02  2.9651063E-03
  4.9500000E-01  1.3108246E-01  2.4197937E-02  2.9921754E-03
  4.9400000E-01  1.3121000E-01  2.4318172E-02  3.0194625E-03
  4.9300000E-01  1.3133667E-01  2.4438783E-02  3.0469691E-03
  4.9200000E-01  1.3146248E-01  2.4559771E-02  3.0746968E-03
  4.9100000E-01  1.3158741E-01  2.4681134E-02  3.1026472E-03
  4.9000000E-01  1.3171146E-01  2.4802874E-02  3.1308219E-03
  4.8900000E-01  1.3183464E-01  2.4924991E-02  3.1592227E-03
  4.8800000E-01  1.3195694E-01  2.5047485E-02  3.1878511E-03
  4.8700000E-01  1.3207835E-01  2.5170355E-02  3.2167088E-03
  4.8600000E-01  1.3219887E-01  2.5293602E-02  3.2457974E-03
  4.8500000E-01  1.3231850E-01  2.5417226E-02  3.2751187E-03
  4.8400000E-01  1.3243724E-01  2.5541228E-02  3.3046743E-03
  4.8300000E-01  1.3255508E-01  2.5665606E-02  3.3344659E-03
  4.8200000E-01  1.3267203E-01  2.5790362E-02  3.3644953E-03
  4.8100000E-01  1.3278807E-01  2.5915495E-02  3.3947642E-03
  4.8000000E-01  1.3290320E-01  2.6041005E-02  3.4252743E-03
  4.7900000E-01  1.3301743E-01  2.6166893E-02  3.4560274E-03
  4.7800000E-01  1.3313075E-01  2.6293158E-02  3.4870251E-03
  4.7700000E-01  1.3324315E-01  2.6419800E-02  3.5182694E-03
  4.7600000E-01  1.3335464E-01  2.6546820E-02  3.5497620E-03
  4.7500000E-01  1.3346520E-01  2.6674216E-02  3.5815046E-03
  4.7400000E-01  1.3357485E-01  2.6801991E-02  3.6134992E-03
  4.7300000E-01  1.3368356E-01  2.6930142E-02  3.6457474E-03
  4.7200000E-01  1.3379135E-01  2.7058671E-02  3.6782512E-03
  4.7100000E-01  1.3389821E-01  2.7187577E-02  3.7110124E-03
  4.7000000E-01  1.3400413E-01  2.7316860E-02  3.7440328E-03
  4.6900000E-01  1.3410912E-01  2.7446520E-02  3.7773144E-03
  4.6800000E-01  1.3421316E-01  2.7576557E-02  3.8108590E-03
  4.6700000E-01  1.3431626E-01  2.7706971E-02  3.8446684E-03
  4.6600000E-01  1.3441841E-01  2.7837761E-02  3.8787447E-03
  4.6500000E-01  1.3451961E-01  2.7968928E-02  3.9130897E-03
  4.6400000E-01  1.3461986E-01  2.8100472E-02  3.9477054E-03
  4.6300000E-01  1.3471915E-01  2.8232392E-02  3.9825936E-03
  4.6200000E-01  1.3481749E-01  2.8364688E-02  4.0177565E-03
  4.6100000E-01  1.3491486E-01  2.8497360E-02  4.0531959E-03
  4.6000000E-01  1.3501127E-01  2.8630408E-02  4.0889138E-03
  4.5900000E-01  1.3510670E-01  2.8763831E-02  4.1249123E-03
  4.5800000E-01  1.3520117E-01  2.8897630E-02  4.1611933E-03
  4.5700000E-01  1.3529466E-01  2.9031804E-02  4.1977588E-03
  4.5600000E-01  1.3538718E-01  2.9166352E-02  4.2346110E-03
  4.5500000E-01  1.3547871E-01  2.9301276E-02  4.2717519E-03
  4.5400000E-01  1.3556926E-01  2.9436574E-02  4.3091834E-03
  4.5300000E-01  1.3565883E-01  2.9572246E-02  4.3469078E-03
  4.5200000E-01  1.3574740E-01  2.9708292E-02  4.3849271E-03
  4.5100000E-01  1.3583498E-01  2.9844711E-02  4.4232433E-03
  4.5000000E-01  1.3592156E-01  2.9981504E-02  4.4618588E-03
  4.4900000E-01  1.3600715E-01  3.0118669E-02  4.5007754E-03
  4.4800000E-01  1.3609173E-01  3.0256207E-02  4.5399955E-03
  4.4700000E-01  1.3617531E-01  3.0394117E-02  4.5795212E-03
  4.4600000E-01  1.3625788E-01  3.0532399E-02  4.6193546E-03
  4.4500000E-01  1.3633943E-01  3.0671053E-02  4.6594980E-03
  4.4400000E-01  1.3641997E-01  3.0810077E-02  4.6999536E-03
  4.4300000E-01  1.3649950E-01  3.0949472E-02  4.7407235E-03
  4.4200000E-01  1.3657800E-01  3.1089238E-02  4.7818100E-03
  4.4100000E-01  1.3665548E-01  3.1229373E-02  4.8232154E-03
  4.4000000E-01  1.3673193E-01  3.1369877E-02  4.8649419E-03
  4.3900000E-01  1.3680735E-01  3.1510750E-02  4.9069918E-03
  4.3800000E-01  1.3688173E-01  3.1651991E-02  4.9493675E-03
  4.3700000E-01  1.3695508E-01  3.1793601E-02  4.9920711E-03
  4.3600000E-01  1.3702739E-01  3.1935577E-02  5.0351051E-03
  4.3500000E-01  1.3709865E-01  3.2077920E-02  5.0784717E-03
  4.3400000E-01  1.3716887E-01  3.2220629E-02  5.1221734E-03
  4.3300000E-01  1.3723804E-01  3.2363704E-02  5.1662124E-03
  4.3200000E-01  1.3730616E-01  3.2507144E-02  5.2105913E-03
  4.3100000E-01  1.3737321E-01  3.2650948E-02  5.2553123E-03
  4.3000000E-01  1.3743921E-01  3.2795117E-02  5.3003779E-03
  4.2900000E-01  1.3750415E-01  3.2939648E-02  5.3457906E-03
  4.2800000E-01  1.3756802E-01  3.3084541E-02  5.3915527E-03
  4.2700000E-01  1.3763083E-01  3.3229797E-02  5.4376668E-03
  4.2600000E-01  1.3769256E-01  3.3375414E-02  5.4841353E-03
  4.2500000E-01  1.3775321E-01  3.3521391E-02  5.5309607E-03
  4.2400000E-01  1.3781279E-01  3.3667727E-02  5.5781456E-03
  4.2300000E-01  1.3787128E-01  3.3814423E-02  5.6256924E-03
  4.2200000E-01  1.3792869E-01  3.3961477E-02  5.6736037E-03
  4.2100000E-01  1.3798501E-01  3.4108888E-02  5.7218820E-03
  4.2000000E-01  1.3804024E-01  3.4256656E-02  5.7705300E-03
  4.1900000E-01  1.3809438E-01  3.4404780E-02  5.8195502E-03
  4.1800000E-01  1.3814741E-01  3.4553258E-02  5.8689452E-03
  4.1700000E-01  1.3819935E-01  3.4702091E-02  5.9187177E-03
  4.1600000E-01  1.3825018E-01  3.4851277E-02  5.9688703E-03
  4.1500000E-01  1.3829990E-01  3.5000815E-02  6.0194056E-03
  4.1400000E-01  1.3834852E-01  3.5150705E-02  6.0703264E-03
  4.1300000E-01  1.3839601E-01  3.5300945E-02  6.1216353E-03
  4.1200000E-01  1.3844240E-01  3.5451535E-02  6.1733350E-03
  4.1100000E-01  1.3848766E-01  3.5602473E-02  6.2254283E-03
  4.1000000E-01  1.3853179E-01  3.5753759E-02  6.2779179E-03
  4.0900000E-01  1.3857480E-01  3.5905391E-02  6.3308065E-03
  4.0800000E-01  1.3861668E-01  3.6057369E-02  6.3840970E-03
  4.0700000E-01  1.3865743E-01  3.6209691E-02  6.4377921E-03
  4.0600000E-01  1.3869703E-01  3.6362357E-02  6.4918947E-03
  4.0500000E-01  1.3873550E-01  3.6515365E-02  6.5464075E-03
  4.0400000E-01  1.3877283E-01  3.6668714E-02  6.6013335E-03
  4.0300000E-01  1.3880900E-01  3.6822403E-02  6.6566755E-03
  4.0200000E-01  1.3884403E-01  3.6976431E-02  6.7124364E-03
  4.0100000E-01  1.3887791E-01  3.7130797E-02  6.7686190E-03
  4.0000000E-01  1.3891062E-01  3.7285499E-02  6.8252263E-03
  3.9900000E-01  1.3894218E-01  3.7440536E-02  6.8822613E-03
  3.9800000E-01  1.3897258E-01  3.7595908E-02  6.9397269E-03
  3.9700000E-01  1.3900181E-01  3.7751612E-02  6.9976260E-03
  3.9600000E-01  1.3902987E-01  3.7907648E-02  7.0559617E-03
  3.9500000E-01  1.3905675E-01  3.8064014E-02  7.1147370E-03
  3.9400000E-01  1.3908246E-01  3.8220708E-02  7.1739549E-03
  3.9300000E-01  1.3910700E-01  3.8377730E-02  7.2336184E-03
  3.9200000E-01  1.3913034E-01  3.8535078E-02  7.2937306E-03
  3.9100000E-01  1.3915251E-01  3.8692751E-02  7.3542947E-03
  3.9000000E-01  1.3917348E-01  3.8850746E-02  7.4153137E-03
  3.8900000E-01  1.3919326E-01  3.9009064E-02  7.4767906E-03
  3.8800000E-01  1.3921185E-01  3.9167702E-02  7.5387288E-03
  3.8700000E-01  1.3922924E-01  3.9326658E-02  7.6011313E-03
  3.8600000E-01  1.3924542E-01  3.9485932E-02  7.6640014E-03
  3.8500000E-01  1.3926040E-01  3.9645521E-02  7.7273421E-03
  3.8400000E-01  1.3927417E-01  3.9805424E-02  7.7911568E-03
  3.8300000E-01  1.3928673E-01  3.9965640E-02  7.8554487E-03
  3.8200000E-01  1.3929808E-01  4.0126166E-02  7.9202210E-03
  3.8100000E-01  1.3930820E-01  4.0287002E-02  7.9854770E-03
  3.8000000E-01  1.3931711E-01  4.0448145E-02  8.0512201E-03
  3.7900000E-01  1.3932479E-01  4.0609594E-02  8.1174535E-03
  3.7800000E-01  1.3933124E-01  4.0771346E-02  8.1841805E-03
  3.7700000E-01  1.3933646E-01  4.0933401E-02  8.2514046E-03
  3.7600000E-01  1.3934044E-01  4.1095757E-02  8.3191291E-03
  3.7500000E-01  1.3934319E-01  4.1258411E-02  8.3873574E-03
  3.7400000E-01  1.3934470E-01  4.1421361E-02  8.4560930E-03
  3.7300000E-01  1.3934496E-01  4.1584607E-02  8.5253392E-03
  3.7200000E-01  1.3934397E-01  4.1748146E-02  8.5950995E-03
  3.7100000E-01  1.3934174E-01  4.1911975E-02  8.6653774E-03
  3.7000000E-01  1.3933825E-01  4.2076094E-02  8.7361765E-03
  3.6900000E-01  1.3933350E-01  4.2240499E-02  8.8075001E-03
  3.6800000E-01  1.3932749E-01  4.2405190E-02  8.8793519E-03
  3.6700000E-01  1.3932022E-01  4.2570164E-02  8.9517355E-03
  3.6600000E-01  1.3931169E-01  4.2735418E-02  9.0246544E-03
  3.6500000E-01  1.3930188E-01  4.2900952E-02  9.0981122E-03
  3.6400000E-01  1.3929080E-01  4.3066762E-02  9.1721125E-03
  3.6300000E-01  1.3927844E-01  4.3232846E-02  9.2466590E-03
  3.6200000E-01  1.3926480E-01  4.3399203E-02  9.3217554E-03
  3.6100000E-01  1.3924988E-01  4.3565830E-02  9.3974053E-03
  3.6000000E-01  1.3923368E-01  4.3732725E-02  9.4736125E-03
  3.5900000E-01  1.3921619E-01  4.3899885E-02  9.5503806E-03
  3.5800000E-01  1.3919740E-01  4.4067309E-02  9.6277136E-03
  3.5700000E-01  1.3917732E-01  4.4234993E-02  9.7056150E-03
  3.5600000E-01  1.3915594E-01  4.4402936E-02  9.7840887E-03
  3.5500000E-01  1.3913326E-01  4.4571135E-02  9.8631386E-03
  3.5400000E-01  1.3910927E-01  4.4739587E-02  9.9427684E-03
  3.5300000E-01  1.3908398E-01  4.4908291E-02  1.0022982E-02
  3.5200000E-01  1.3905737E-01  4.5077243E-02  1.0103783E-02
  3.5100000E-01  1.3902945E-01  4.5246441E-02  1.0185177E-02
  3.5000000E-01  1.3900021E-01  4.5415883E-02  1.0267165E-02
  3.4900000E-01  1.3896966E-01  4.5585566E-02  1.0349753E-02
  3.4800000E-01  1.3893778E-01  4.5755486E-02  1.0432945E-02
  3.4700000E-01  1.3890457E-01  4.5925643E-02  1.0516744E-02
  3.4600000E-01  1.3887003E-01  4.6096032E-02  1.0601154E-02
  3.4500000E-01  1.3883416E-01  4.6266651E-02  1.0686180E-02
  3.4400000E-01  1.3879696E-01  4.6437498E-02  1.0771826E-02
  3.4300000E-01  1.3875842E-01  4.6608569E-02  1.0858095E-02
  3.4200000E-01  1.3871853E-01  4.6779862E-02  1.0944992E-02
  3.4100000E-01  1.3867730E-01  4.6951373E-02  1.1032521E-02
  3.4000000E-01  1.3863472E-01  4.7123100E-02  1.1120686E-02
  3.3900000E-01  1.3859079E-01  4.7295040E-02  1.1209492E-02
  3.3800000E-01  1.3854551E-01  4.7467190E-02  1.1298941E-02
  3.3700000E-01  1.3849887E-01  4.7639547E-02  1.1389040E-02
  3.3600000E-01  1.3845087E-01  4.7812108E-02  1.1479791E-02
  3.3500000E-01  1.3840151E-01  4.7984869E-02  1.1571199E-02
  3.3400000E-01  1.3835078E-01  4.8157827E-02  1.1663269E-02
  3.3300000E-01  1.3829868E-01  4.8330981E-02  1.1756005E-02
  3.3200000E-01  1.3824522E-01  4.8504325E-02  1.1849411E-02
  3.3100000E-01  1.3819037E-01  4.8677857E-02  1.1943491E-02
  3.3000000E-01  1.3813415E-01  4.8851573E-02  1.2038251E-02
  3.2900000E-01  1.3807655E-01  4.9025471E-02  1.2133693E-02
  3.2800000E-01  1.3801757E-01  4.9199547E-02  1.2229823E-02
  3.2700000E-01  1.3795719E-01  4.9373797E-02  1.2326646E-02
  3.2600000E-01  1.3789543E-01  4.9548218E-02  1.2424165E-02
  3.2500000E-01  1.3783228E-01  4.9722807E-02  1.2522385E-02
  3.2400000E-01  1.3776774E-01  4.9897560E-02  1.2621311E-02
  3.2300000E-01  1.3770179E-01  5.0072473E-02  1.2720947E-02
  3.2200000E-01  1.3763445E-01  5.0247543E-02  1.2821298E-02
  3.2100000E-01  1.3756570E-01  5.0422766E-02  1.2922368E-02
  3.2000000E-01  1.3749554E-01  5.0598139E-02  1.3024162E-02
  3.1900000E-01  1.3742398E-01  5.0773657E-02  1.3126685E-02
  3.1800000E-01  1.3735101E-01  5.0949318E-02  1.3229941E-02
  3.1700000E-01  1.3727662E-01  5.1125117E-02  1.3333936E-02
  3.1600000E-01  1.3720081E-01  5.1301050E-02  1.3438673E-02
  3.1500000E-01  1.3712359E-01  5.1477113E-02  1.3544158E-02
  3.1400000E-01  1.3704494E-01  5.1653303E-02  1.3650394E-02
  3.1300000E-01  1.3696487E-01  5.1829616E-02  1.3757388E-02
  3.1200000E-01  1.3688336E-01  5.2006047E-02  1.3865144E-02
  3.1100000E-01  1.3680043E-01  5.2182592E-02  1.3973667E-02
  3.1000000E-01  1.3671607E-01  5.2359248E-02  1.4082961E-02
  3.0900000E-01  1.3663027E-01  5.2536010E-02  1.4193031E-02
  3.0800000E-01  1.3654303E-01  5.2712874E-02  1.4303883E-02
  3.0700000E-01  1.3645435E-01  5.2889836E-02  1.4415522E-02
  3.0600000E-01  1.3636423E-01  5.3066891E-02  1.4527951E-02
  3.0500000E-01  1.3627266E-01  5.3244036E-02  1.4641177E-02
  3.0400000E-01  1.3617964E-01  5.3421265E-02  1.4755204E-02
  3.0300000E-01  1.3608517E-01  5.3598574E-02  1.4870038E-02
  3.0200000E-01  1.3598925E-01  5.3775960E-02  1.4985682E-02
  3.0100000E-01  1.3589187E-01  5.3953417E-02  1.5102144E-02
  3.0000000E-01  1.3579303E-01  5.4130941E-02  1.5219427E-02
  2.9900000E-01  1.3569274E-01  5.4308527E-02  1.5337536E-02
  2.9800000E-01  1.3559098E-01  5.4486170E-02  1.5456478E-02
  2.9700000E-01  1.3548775E-01  5.4663867E-02  1.5576256E-02
  2.9600000E-01  1.3538306E-01  5.4841611E-02  1.5696877E-02
  2.9500000E-01  1.3527689E-01  5.5019399E-02  1.5818346E-02
  2.9400000E-01  1.3516925E-01  5.5197226E-02  1.5940667E-02
  2.9300000E-01  1.3506014E-01  5.5375086E-02  1.6063846E-02
  2.9200000E-01  1.3494955E-01  5.5552975E-02  1.6187888E-02
  2.9100000E-01  1.3483748E-01  5.5730888E-02  1.6312800E-02
  2.9000000E-01  1.3472393E-01  5.5908820E-02  1.6438585E-02
  2.8900000E-01  1.3460890E-01  5.6086765E-02  1.6565250E-02
  2.8800000E-01  1.3449238E-01  5.6264719E-02  1.6692800E-02
  2.8700000E-01  1.3437437E-01  5.6442676E-02  1.6821239E-02
  2.8600000E-01  1.3425487E-01  5.6620631E-02  1.6950575E-02
  2.8500000E-01  1.3413387E-01  5.6798579E-02  1.7080812E-02
  2.8400000E-01  1.3401139E-01  5.6976515E-02  1.7211956E-02
  2.8300000E-01  1.3388740E-01  5.7154433E-02  1.7344012E-02
  2.8200000E-01  1.3376192E-01  5.7332328E-02  1.7476986E-02
  2.8100000E-01  1.3363494E-01  5.7510194E-02  1.7610883E-02
  2.8000000E-01  1.3350645E-01  5.7688026E-02  1.7745709E-02
  2.7900000E-01  1.3337646E-01  5.7865818E-02  1.7881470E-02
  2.7800000E-01  1.3324496E-01  5.8043564E-02  1.8018171E-02
  2.7700000E-01  1.3311196E-01  5.8221260E-02  1.8155818E-02
  2.7600000E-01  1.3297744E-01  5.8398899E-02  1.8294417E-02
  2.7500000E-01  1.3284141E-01  5.8576475E-02  1.8433974E-02
  2.7400000E-01  1.3270387E-01  5.8753982E-02  1.8574493E-02
  2.7300000E-01  1.3256481E-01  5.8931416E-02  1.8715982E-02
  2.7200000E-01  1.3242423E-01  5.9108769E-02  1.8858445E-02
  2.7100000E-01  1.3228214E-01  5.9286036E-02  1.9001889E-02
  2.7000000E-01  1.3213852E-01  5.9463211E-02  1.9146319E-02
  2.6900000E-01  1.3199338E-01  5.9640287E-02  1.9291742E-02
  2.6800000E-01  1.3184672E-01  5.9817259E-02  1.9438163E-02
  2.6700000E-01  1.3169853E-01  5.9994120E-02  1.9585588E-02
  2.6600000E-01  1.3154881E-01  6.0170864E-02  1.9734023E-02
  2.6500000E-01  1.3139756E-01  6.0347485E-02  1.9883475E-02
  2.6400000E-01  1.3124479E-01  6.0523976E-02  2.0033948E-02
  2.6300000E-01  1.3109048E-01  6.0700331E-02  2.0185450E-02
  2.6200000E-01  1.3093463E-01  6.0876543E-02  2.0337986E-02
  2.6100000E-01  1.3077726E-01  6.1052607E-02  2.0491562E-02
  2.6000000E-01  1.3061834E-01  6.1228514E-02  2.0646184E-02
  2.5900000E-01  1.3045789E-01  6.1404260E-02  2.0801859E-02
  2.5800000E-01  1.3029590E-01  6.1579836E-02  2.0958592E-02
  2.5700000E-01  1.3013237E-01  6.1755237E-02  2.1116391E-02
  2.5600000E-01  1.2996729E-01  6.1930455E-02  2.1275260E-02
  2.5500000E-01  1.2980068E-01  6.2105483E-02  2.1435206E-02
  2.5400000E-01  1.2963252E-01  6.2280315E-02  2.1596236E-02
  2.5300000E-01  1.2946282E-01  6.2454944E-02  2.1758356E-02
  2.5200000E-01  1.2929156E-01  6.2629362E-02  2.1921571E-02
  2.5100000E-01  1.2911877E-01  6.2803563E-02  2.2085889E-02
  2.5000000E-01  1.2894442E-01  6.2977540E-02  2.2251315E-02
  2.4900000E-01  1.2876853E-01  6.3151284E-02  2.2417857E-02
  2.4800000E-01  1.2859108E-01  6.3324789E-02  2.2585520E-02
  2.4700000E-01  1.2841209E-01  6.3498048E-02  2.2754310E-02
  2.4600000E-01  1.2823154E-01  6.3671053E-02  2.2924235E-02
  2.4500000E-01  1.2804944E-01  6.3843797E-02  2.3095300E-02
  2.4400000E-01  1.2786578E-01  6.4016272E-02  2.3267512E-02
  2.4300000E-01  1.2768058E-01  6.4188470E-02  2.3440878E-02
  2.4200000E-01  1.2749381E-01  6.4360385E-02  2.3615404E-02
  2.4100000E-01  1.2730549E-01  6.4532008E-02  2.3791097E-02
  2.4000000E-01  1.2711562E-01  6.4703331E-02  2.3967963E-02
  2.3900000E-01  1.2692419E-01  6.4874348E-02  2.4146009E-02
  2.3800000E-01  1.2673120E-01  6.5045049E-02  2.4325241E-02
  2.3700000E-01  1.2653665E-01  6.5215427E-02  2.4505666E-02
  2.3600000E-01  1.2634055E-01  6.5385475E-02  2.4687290E-02
  2.3500000E-01  1.2614289E-01  6.5555183E-02  2.4870121E-02
  2.3400000E-01  1.2594367E-01  6.5724545E-02  2.5054165E-02
  2.3300000E-01  1.2574288E-01  6.5893551E-02  2.5239429E-02
  2.3200000E-01  1.2554054E-01  6.6062193E-02  2.5425919E-02
  2.3100000E-01  1.2533664E-01  6.6230464E-02  2.5613642E-02
  2.3000000E-01  1.2513119E-01  6.6398355E-02  2.5802605E-02
  2.2900000E-01  1.2492417E-01  6.6565858E-02  2.5992814E-02
  2.2800000E-01  1.2471559E-01  6.6732963E-02  2.6184278E-02
  2.2700000E-01  1.2450545E-01  6.6899663E-02  2.6377001E-02
  2.2600000E-01  1.2429375E-01  6.7065950E-02  2.6570992E-02
  2.2500000E-01  1.2408049E-01  6.7231813E-02  2.6766257E-02
  2.2400000E-01  1.2386567E-01  6.7397245E-02  2.6962803E-02
  2.2300000E-01  1.2364929E-01  6.7562237E-02  2.7160636E-02
  2.2200000E-01  1.2343135E-01  6.7726780E-02  2.7359765E-02
  2.2100000E-01  1.2321186E-01  6.7890864E-02  2.7560195E-02
  2.2000000E-01  1.2299080E-01  6.8054483E-02  2.7761933E-02
  2.1900000E-01  1.2276819E-01  6.8217625E-02  2.7964988E-02
  2.1800000E-01  1.2254402E-01  6.8380282E-02  2.8169365E-02
  2.1700000E-01  1.2231829E-01  6.8542445E-02  2.8375071E-02
  2.1600000E-01  1.2209100E-01  6.8704105E-02  2.8582114E-02
  2.1500000E-01  1.2186216E-01  6.8865253E-02  2.8790501E-02
  2.1400000E-01  1.2163176E-01  6.9025878E-02  2.9000239E-02
  2.1300000E-01  1.2139981E-01  6.9185973E-02  2.9211335E-02
  2.1200000E-01  1.2116631E-01  6.9345526E-02  2.9423795E-02
  2.1100000E-01  1.2093125E-01  6.9504529E-02  2.9637628E-02
  2.1000000E-01  1.2069464E-01  6.9662973E-02  2.9852839E-02
  2.0900000E-01  1.2045647E-01  6.9820847E-02  3.0069438E-02
  2.0800000E-01  1.2021676E-01  6.9978142E-02  3.0287429E-02
  2.0700000E-01  1.1997550E-01  7.0134848E-02  3.0506821E-02
  2.0600000E-01  1.1973269E-01  7.0290955E-02  3.0727621E-02
  2.0500000E-01  1.1948833E-01  7.0446454E-02  3.0949836E-02
  2.0400000E-01  1.1924243E-01  7.0601334E-02  3.1173473E-02
  2.0300000E-01  1.1899499E-01  7.0755585E-02  3.1398540E-02
  2.0200000E-01  1.1874600E-01  7.0909198E-02  3.1625043E-02
  2.0100000E-01  1.1849547E-01  7.1062162E-02  3.1852991E-02
  2.0000000E-01  1.1824340E-01  7.1214467E-02  3.2082389E-02
  1.9900000E-01  1.1798979E-01  7.1366103E-02  3.2313246E-02
  1.9800000E-01  1.1773464E-01  7.1517059E-02  3.2545569E-02
  1.9700000E-01  1.1747796E-01  7.1667325E-02  3.2779365E-02
  1.9600000E-01  1.1721974E-01  7.1816890E-02  3.3014641E-02
  1.9500000E-01  1.1696000E-01  7.1965745E-02  3.3251405E-02
  1.9400000E-01  1.1669872E-01  7.2113878E-02  3.3489664E-02
  1.9300000E-01  1.1643592E-01  7.2261279E-02  3.3729425E-02
  1.9200000E-01  1.1617159E-01  7.2407936E-02  3.3970696E-02
  1.9100000E-01  1.1590574E-01  7.2553841E-02  3.4213484E-02
  1.9000000E-01  1.1563837E-01  7.2698980E-02  3.4457796E-02
  1.8900000E-01  1.1536947E-01  7.2843345E-02  3.4703640E-02
  1.8800000E-01  1.1509906E-01  7.2986923E-02  3.4951023E-02
  1.8700000E-01  1.1482714E-01  7.3129703E-02  3.5199953E-02
  1.8600000E-01  1.1455371E-01  7.3271675E-02  3.5450437E-02
  1.8500000E-01  1.1427876E-01  7.3412828E-02  3.5702482E-02
  1.8400000E-01  1.1400231E-01  7.3553150E-02  3.5956095E-02
  1.8300000E-01  1.1372435E-01  7.3692630E-02  3.6211285E-02
  1.8200000E-01  1.1344489E-01  7.3831256E-02  3.6468058E-02
  1.8100000E-01  1.1316394E-01  7.3969018E-02  3.6726423E-02
  1.8000000E-01  1.1288149E-01  7.4105903E-02  3.6986385E-02
  1.7900000E-01  1.1259754E-01  7.4241901E-02  3.7247954E-02
  1.7800000E-01  1.1231211E-01  7.4377000E-02  3.7511135E-02
  1.7700000E-01  1.1202519E-01  7.4511188E-02  3.7775937E-02
  1.7600000E-01  1.1173678E-01  7.4644453E-02  3.8042367E-02
  1.7500000E-01  1.1144690E-01  7.4776785E-02  3.8310433E-02
  1.7400000E-01  1.1115554E-01  7.4908170E-02  3.8580141E-02
  1.7300000E-01  1.1086270E-01  7.5038597E-02  3.8851500E-02
  1.7200000E-01  1.1056840E-01  7.5168054E-02  3.9124517E-02
  1.7100000E-01  1.1027263E-01  7.5296530E-02  3.9399198E-02
  1.7000000E-01  1.0997540E-01  7.5424011E-02  3.9675552E-02
  1.6900000E-01  1.0967671E-01  7.5550487E-02  3.9953586E-02
  1.6800000E-01  1.0937656E-01  7.5675945E-02  4.0233308E-02
  1.6700000E-01  1.0907496E-01  7.5800372E-02  4.0514724E-02
  1.6600000E-01  1.0877192E-01  7.5923757E-02  4.0797842E-02
  1.6500000E-01  1.0846743E-01  7.6046087E-02  4.1082670E-02
  1.6400000E-01  1.0816151E-01  7.6167350E-02  4.1369215E-02
  1.6300000E-01  1.0785415E-01  7.6287533E-02  4.1657484E-02
  1.6200000E-01  1.0754536E-01  7.6406624E-02  4.1947485E-02
  1.6100000E-01  1.0723515E-01  7.6524610E-02  4.2239224E-02
  1.6000000E-01  1.0692351E-01  7.6641479E-02  4.2532710E-02
  1.5900000E-01  1.0661046E-01  7.6757218E-02  4.2827950E-02
  1.5800000E-01  1.0629600E-01  7.6871814E-02  4.3124951E-02
  1.5700000E-01  1.0598013E-01  7.6985255E-02  4.3423720E-02
  1.5600000E-01  1.0566285E-01  7.7097528E-02  4.3724265E-02
  1.5500000E-01  1.0534419E-01  7.7208620E-02  4.4026592E-02
  1.5400000E-01  1.0502413E-01  7.7318517E-02  4.4330710E-02
  1.5300000E-01  1.0470268E-01  7.7427208E-02  4.4636625E-02
  1.5200000E-01  1.0437985E-01  7.7534679E-02  4.4944345E-02
  1.5100000E-01  1.0405565E-01  7.7640917E-02  4.5253877E-02
  1.5000000E-01  1.0373008E-01  7.7745908E-02  4.5565228E-02
  1.4900000E-01  1.0340314E-01  7.7849641E-02  4.5878405E-02
  1.4800000E-01  1.0307484E-01  7.7952100E-02  4.6193415E-02
  1.4700000E-01  1.0274519E-01  7.8053274E-02  4.6510266E-02
  1.4600000E-01  1.0241419E-01  7.8153149E-02  4.6828964E-02
  1.4500000E-01  1.0208185E-01  7.8251712E-02  4.7149518E-02
  1.4400000E-01  1.0174818E-01  7.8348949E-02  4.7471933E-02
  1.4300000E-01  1.0141318E-01  7.8444846E-02  4.7796217E-02
  1.4200000E-01  1.0107685E-01  7.8539391E-02  4.8122376E-02
  1.4100000E-01  1.0073921E-01  7.8632569E-02  4.8450419E-02
  1.4000000E-01  1.0040026E-01  7.8724367E-02  4.8780351E-02
  1.3900000E-01  1.0006000E-01  7.8814772E-02  4.9112180E-02
  1.3800000E-01  9.9718452E-02  7.8903770E-02  4.9445912E-02
  1.3700000E-01  9.9375611E-02  7.8991347E-02  4.9781555E-02
  1.3600000E-01  9.9031488E-02  7.9077490E-02  5.0119116E-02
  1.3500000E-01  9.8686089E-02  7.9162184E-02  5.0458600E-02
  1.3400000E-01  9.8339421E-02  7.9245416E-02  5.0800015E-02
  1.3300000E-01  9.7991492E-02  7.9327172E-02  5.1143367E-02
  1.3200000E-01  9.7642310E-02  7.9407438E-02  5.1488664E-02
  1.3100000E-01  9.7291881E-02  7.9486200E-02  5.1835911E-02
  1.3000000E-01  9.6940214E-02  7.9563445E-02  5.2185116E-02
  1.2900000E-01  9.6587316E-02  7.9639158E-02  5.2536284E-02
  1.2800000E-01  9.6233195E-02  7.9713325E-02  5.2889423E-02
  1.2700000E-01  9.5877858E-02  7.9785932E-02  5.3244539E-02
  1.2600000E-01  9.5521315E-02  7.9856966E-02  5.3601638E-02
  1.2500000E-01  9.5163574E-02  7.9926411E-02  5.3960727E-02
  1.2400000E-01  9.4804641E-02  7.9994254E-02  5.4321812E-02
  1.2300000E-01  9.4444527E-02  8.0060481E-02  5.4684899E-02
  1.2200000E-01  9.4083240E-02  8.0125078E-02  5.5049994E-02
  1.2100000E-01  9.3720788E-02  8.0188030E-02  5.5417104E-02
  1.2000000E-01  9.3357180E-02  8.0249323E-02  5.5786234E-02
  1.1900000E-01  9.2992426E-02  8.0308942E-02  5.6157391E-02
  1.1800000E-01  9.2626533E-02  8.0366875E-02  5.6530580E-02
  1.1700000E-01  9.2259512E-02  8.0423106E-02  5.6905808E-02
  1.1600000E-01  9.1891372E-02  8.0477620E-02  5.7283080E-02
  1.1500000E-01  9.1522123E-02  8.0530405E-02  5.7662403E-02
  1.1400000E-01  9.1151773E-02  8.0581444E-02  5.8043781E-02
  1.1300000E-01  9.0780333E-02  8.0630725E-02  5.8427220E-02
  1.1200000E-01  9.0407812E-02  8.0678233E-02  5.8812727E-02
  1.1100000E-01  9.0034221E-02  8.0723952E-02  5.9200305E-02
  1.1000000E-01  8.9659570E-02  8.0767870E-02  5.9589962E-02
  1.0900000E-01  8.9283869E-02  8.0809971E-02  5.9981702E-02
  1.0800000E-01  8.8907128E-02  8.0850241E-02  6.0375530E-02
  1.0700000E-01  8.8529359E-02  8.0888666E-02  6.0771452E-02
  1.0600000E-01  8.8150571E-02  8.0925231E-02  6.1169473E-02
  1.0500000E-01  8.7770775E-02  8.0959923E-02  6.1569597E-02
  1.0400000E-01  8.7389984E-02  8.0992726E-02  6.1971829E-02
  1.0300000E-01  8.7008207E-02  8.1023626E-02  6.2376175E-02
  1.0200000E-01  8.6625456E-02  8.1052609E-02  6.2782639E-02
  1.0100000E-01  8.6241742E-02  8.1079661E-02  6.3191226E-02
  1.0000000E-01  8.5857078E-02  8.1104766E-02  6.3601940E-02
  9.9000000E-02  8.5471474E-02  8.1127912E-02  6.4014786E-02
  9.8000000E-02  8.5084944E-02  8.1149083E-02  6.4429767E-02
  9.7000000E-02  8.4697498E-02  8.1168265E-02  6.4846889E-02
  9.6000000E-02  8.4309148E-02  8.1185445E-02  6.5266155E-02
  9.5000000E-02  8.3919909E-02  8.1200607E-02  6.5687569E-02
  9.4000000E-02  8.3529791E-02  8.1213737E-02  6.6111136E-02
  9.3000000E-02  8.3138808E-02  8.1224822E-02  6.6536858E-02
  9.2000000E-02  8.2746972E-02  8.1233847E-02  6.6964739E-02
  9.1000000E-02  8.2354296E-02  8.1240798E-02  6.7394784E-02
  9.0000000E-02  8.1960795E-02  8.1245660E-02  6.7826995E-02
  8.9000000E-02  8.1566480E-02  8.1248421E-02  6.8261376E-02
  8.8000000E-02  8.1171365E-02  8.1249065E-02  6.8697929E-02
  8.7000000E-02  8.0775464E-02  8.1247579E-02  6.9136658E-02
  8.6000000E-02  8.0378792E-02  8.1243949E-02  6.9577566E-02
  8.5000000E-02  7.9981361E-02  8.1238161E-02  7.0020655E-02
  8.4000000E-02  7.9583187E-02  8.1230201E-02  7.0465927E-02
  8.3000000E-02  7.9184282E-02  8.1220055E-02  7.0913386E-02
  8.2000000E-02  7.8784663E-02  8.1207711E-02  7.1363034E-02
  8.1000000E-02  7.8384344E-02  8.1193153E-02  7.1814872E-02
  8.0000000E-02  7.7983339E-02  8.1176368E-02  7.2268902E-02
  7.9000000E-02  7.7581664E-02  8.1157344E-02  7.2725127E-02
  7.8000000E-02  7.7179333E-02  8.1136066E-02  7.3183547E-02
  7.7000000E-02  7.6776364E-02  8.1112521E-02  7.3644165E-02
  7.6000000E-02  7.6372770E-02  8.1086696E-02  7.4106981E-02
  7.5000000E-02  7.5968568E-02  8.1058578E-02  7.4571997E-02
  7.4000000E-02  7.5563773E-02  8.1028153E-02  7.5039214E-02
  7.3000000E-02  7.5158403E-02  8.0995409E-02  7.5508631E-02
  7.2000000E-02  7.4752473E-02  8.0960332E-02  7.5980250E-02
  7.1000000E-02  7.4346000E-02  8.0922910E-02  7.6454072E-02
  7.0000000E-02  7.3939001E-02  8.0883130E-02  7.6930095E-02
  6.9000000E-02  7.3531493E-02  8.0840980E-02  7.7408320E-02
  6.8000000E-02  7.3123493E-02  8.0796447E-02  7.7888747E-02
  6.7000000E-02  7.2715017E-02  8.0749518E-02  7.8371375E-02
  6.6000000E-02  7.2306085E-02  8.0700182E-02  7.8856204E-02
  6.5000000E-02  7.1896714E-02  8.0648425E-02  7.9343231E-02
  6.4000000E-02  7.1486921E-02  8.0594238E-02  7.9832457E-02
  6.3000000E-02  7.1076725E-02  8.0537606E-02  8.0323880E-02
  6.2000000E-02  7.0666145E-02  8.0478519E-02  8.0817498E-02
  6.1000000E-02  7.0255198E-02  8.0416966E-02  8.1313308E-02
  6.0000000E-02  6.9843905E-02  8.0352934E-02  8.1811310E-02
  5.9000000E-02  6.9432283E-02  8.0286413E-02  8.2311500E-02
  5.8000000E-02  6.9020352E-02  8.0217391E-02  8.2813876E-02
  5.7000000E-02  6.8608132E-02  8.0145857E-02  8.3318435E-02
  5.6000000E-02  6.8195643E-02  8.0071802E-02  8.3825173E-02
  5.5000000E-02  6.7782904E-02  7.9995213E-02  8.4334087E-02
  5.4000000E-02  6.7369936E-02  7.9916082E-02  8.4845173E-02
  5.3000000E-02  6.6956759E-02  7.9834397E-02  8.5358427E-02
  5.2000000E-02  6.6543393E-02  7.9750149E-02  8.5873845E-02
  5.1000000E-02  6.6129860E-02  7.9663328E-02  8.6391422E-02
  5.0000000E-02  6.5716181E-02  7.9573924E-02  8.6911152E-02
  4.9000000E-02  6.5302377E-02  7.9481929E-02  8.7433031E-02
  4.8000000E-02  6.4888469E-02  7.9387333E-02  8.7957052E-02
  4.7000000E-02  6.4474480E-02  7.9290127E-02  8.8483210E-02
  4.6000000E-02  6.4060432E-02  7.9190302E-02  8.9011499E-02
  4.5000000E-02  6.3646347E-02  7.9087851E-02  8.9541911E-02
  4.4000000E-02  6.3232247E-02  7.8982765E-02  9.0074440E-02
  4.3000000E-02  6.2818156E-02  7.8875037E-02  9.0609077E-02
  4.2000000E-02  6.2404096E-02  7.8764658E-02  9.1145816E-02
  4.1000000E-02  6.1990090E-02  7.8651622E-02  9.1684648E-02
  4.0000000E-02  6.1576164E-02  7.8535922E-02  9.2225564E-02
  3.9000000E-02  6.1162339E-02  7.8417550E-02  9.2768556E-02
  3.8000000E-02  6.0748641E-02  7.8296502E-02  9.3313614E-02
  3.7000000E-02  6.0335094E-02  7.8172769E-02  9.3860728E-02
  3.6000000E-02  5.9921721E-02  7.8046348E-02  9.4409889E-02
  3.5000000E-02  5.9508550E-02  7.7917232E-02  9.4961084E-02
  3.4000000E-02  5.9095603E-02  7.7785417E-02  9.5514304E-02
  3.3000000E-02  5.8682908E-02  7.7650897E-02  9.6069537E-02
  3.2000000E-02  5.8270489E-02  7.7513669E-02  9.6626771E-02
  3.1000000E-02  5.7858373E-02  7.7373729E-02  9.7185993E-02
  3.0000000E-02  5.7446586E-02  7.7231073E-02  9.7747190E-02
  2.9000000E-02  5.7035154E-02  7.7085697E-02  9.8310350E-02
  2.8000000E-02  5.6624104E-02  7.6937600E-02  9.8875457E-02
  2.7000000E-02  5.6213463E-02  7.6786779E-02  9.9442499E-02
  2.6000000E-02  5.5803259E-02  7.6633232E-02  1.0001146E-01
  2.5000000E-02  5.5393520E-02  7.6476958E-02  1.0058232E-01
  2.4000000E-02  5.4984273E-02  7.6317955E-02  1.0115507E-01
  2.3000000E-02  5.4575546E-02  7.6156223E-02  1.0172969E-01
  2.2000000E-02  5.4167368E-02  7.5991763E-02  1.0230617E-01
  2.1000000E-02  5.3759768E-02  7.5824574E-02  1.0288448E-01
  2.0000000E-02  5.3352774E-02  7.5654657E-02  1.0346461E-01
  1.9000000E-02  5.2946417E-02  7.5482015E-02  1.0404654E-01
  1.8000000E-02  5.2540726E-02  7.5306649E-02  1.0463025E-01
  1.7000000E-02  5.2135731E-02  7.5128561E-02  1.0521571E-01
  1.6000000E-02  5.1731461E-02  7.4947755E-02  1.0580292E-01
  1.5000000E-02  5.1327948E-02  7.4764234E-02  1.0639184E-01
  1.4000000E-02  5.0925222E-02  7.4578003E-02  1.0698246E-01
  1.3000000E-02  5.0523315E-02  7.4389067E-02  1.0757476E-01
  1.2000000E-02  5.0122258E-02  7.4197430E-02  1.0816870E-01
  1.1000000E-02  4.9722082E-02  7.4003099E-02  1.0876427E-01
  1.0000000E-02  4.9322820E-02  7.3806081E-02  1.0936144E-01
  9.0000000E-03  4.8924503E-02  7.3606383E-02  1.0996019E-01
  8.0000000E-03  4.8527165E-02  7.3404014E-02  1.1056049E-01
  7.0000000E-03  4.8130837E-02  7.3198981E-02  1.1116231E-01
  6.0000000E-03  4.7735554E-02  7.2991294E-02  1.1176563E-01
  5.0000000E-03  4.7341349E-02  7.2780963E-02  1.1237042E-01
  4.0000000E-03  4.6948254E-02  7.2568000E-02  1.1297665E-01
  3.0000000E-03  4.6556305E-02  7.2352415E-02  1.1358428E-01
  2.0000000E-03  4.6165535E-02  7.2134222E-02  1.1419330E-01
  1.0000000E-03  4.5775979E-02  7.1913432E-02  1.1480367E-01
 -8.8123953E-16  4.5387672E-02  7.1690061E-02  1.1541535E-01
