  1.0000000E+00  0.0000000E+00  0.0000000E+00  0.0000000E+00
  9.9900000E-01  3.3325918E-04  5.5616719E-08  6.1866965E-13
  9.9800000E-01  6.6636971E-04  2.2271195E-07  4.9604779E-12
  9.9700000E-01  9.9933110E-04  5.0165423E-07  1.6779256E-11
  9.9600000E-01  1.3321428E-03  8.9281336E-07  3.9862548E-11
  9.9500000E-01  1.6648045E-03  1.3965604E-06  7.8031862E-11
  9.9400000E-01  1.9973154E-03  2.0132677E-06  1.3514293E-10
  9.9300000E-01  2.3296752E-03  2.7433089E-06  2.1508596E-10
  9.9200000E-01  2.6618834E-03  3.5870589E-06  3.2178591E-10
  9.9100000E-01  2.9939394E-03  4.5448937E-06  4.5920273E-10
  9.9000000E-01  3.3258427E-03  5.6171910E-06  6.3133162E-10
  9.8900000E-01  3.6575928E-03  6.8043293E-06  8.4220333E-10
  9.8800000E-01  3.9891893E-03  8.1066888E-06  1.0958844E-09
  9.8700000E-01  4.3206315E-03  9.5246508E-06  1.3964775E-09
  9.8600000E-01  4.6519190E-03  1.1058598E-05  1.7481214E-09
  9.8500000E-01  4.9830512E-03  1.2708914E-05  2.1549919E-09
  9.8400000E-01  5.3140277E-03  1.4475985E-05  2.6213012E-09
  9.8300000E-01  5.6448478E-03  1.6360196E-05  3.1512991E-09
  9.8200000E-01  5.9755112E-03  1.8361937E-05  3.7492726E-09
  9.8100000E-01  6.3060172E-03  2.0481595E-05  4.4195465E-09
  9.8000000E-01  6.6363653E-03  2.2719562E-05  5.1664835E-09
  9.7900000E-01  6.9665550E-03  2.5076230E-05  5.9944847E-09
  9.7800000E-01  7.2965858E-03  2.7551992E-05  6.9079899E-09
  9.7700000E-01  7.6264572E-03  3.0147242E-05  7.9114775E-09
  9.7600000E-01  7.9561685E-03  3.2862377E-05  9.0094654E-09
  9.7500000E-01  8.2857193E-03  3.5697793E-05  1.0206511E-08
  9.7400000E-01  8.6151090E-03  3.8653890E-05  1.1507210E-08
  9.7300000E-01  8.9443370E-03  4.1731068E-05  1.2916201E-08
  9.7200000E-01  9.2734030E-03  4.4929727E-05  1.4438161E-08
  9.7100000E-01  9.6023062E-03  4.8250271E-05  1.6077807E-08
  9.7000000E-01  9.9310461E-03  5.1693105E-05  1.7839899E-08
  9.6900000E-01  1.0259622E-02  5.5258632E-05  1.9729237E-08
  9.6800000E-01  1.0588034E-02  5.8947262E-05  2.1750663E-08
  9.6700000E-01  1.0916281E-02  6.2759401E-05  2.3909060E-08
  9.6600000E-01  1.1244362E-02  6.6695460E-05  2.6209356E-08
  9.6500000E-01  1.1572278E-02  7.0755850E-05  2.8656517E-08
  9.6400000E-01  1.1900027E-02  7.4940984E-05  3.1255556E-08
  9.6300000E-01  1.2227608E-02  7.9251275E-05  3.4011528E-08
  9.6200000E-01  1.2555022E-02  8.3687139E-05  3.6929529E-08
  9.6100000E-01  1.2882268E-02  8.8248993E-05  4.0014703E-08
  9.6000000E-01  1.3209345E-02  9.2937256E-05  4.3272235E-08
  9.5900000E-01  1.3536252E-02  9.7752346E-05  4.6707356E-08
  9.5800000E-01  1.3862990E-02  1.0269469E-04  5.0325342E-08
  9.5700000E-01  1.4189557E-02  1.0776470E-04  5.4131512E-08
  9.5600000E-01  1.4515953E-02  1.1296281E-04  5.8131233E-08
  9.5500000E-01  1.4842177E-02  1.1828944E-04  6.2329918E-08
  9.5400000E-01  1.5168229E-02  1.2374501E-04  6.6733023E-08
  9.5300000E-01  1.5494108E-02  1.2932997E-04  7.1346055E-08
  9.5200000E-01  1.5819813E-02  1.3504473E-04  7.6174564E-08
  9.5100000E-01  1.6145345E-02  1.4088973E-04  8.1224149E-08
  9.5000000E-01  1.6470702E-02  1.4686541E-04  8.6500457E-08
  9.4900000E-01  1.6795884E-02  1.5297219E-04  9.2009182E-08
  9.4800000E-01  1.7120890E-02  1.5921051E-04  9.7756068E-08
  9.4700000E-01  1.7445719E-02  1.6558081E-04  1.0374690E-07
  9.4600000E-01  1.7770372E-02  1.7208353E-04  1.0998753E-07
  9.4500000E-01  1.8094847E-02  1.7871911E-04  1.1648385E-07
  9.4400000E-01  1.8419144E-02  1.8548799E-04  1.2324178E-07
  9.4300000E-01  1.8743262E-02  1.9239062E-04  1.3026732E-07
  9.4200000E-01  1.9067201E-02  1.9942744E-04  1.3756652E-07
  9.4100000E-01  1.9390960E-02  2.0659889E-04  1.4514546E-07
  9.4000000E-01  1.9714538E-02  2.1390543E-04  1.5301029E-07
  9.3900000E-01  2.0037935E-02  2.2134750E-04  1.6116720E-07
  9.3800000E-01  2.0361150E-02  2.2892556E-04  1.6962243E-07
  9.3700000E-01  2.0684183E-02  2.3664006E-04  1.7838230E-07
  9.3600000E-01  2.1007032E-02  2.4449145E-04  1.8745314E-07
  9.3500000E-01  2.1329698E-02  2.5248019E-04  1.9684137E-07
  9.3400000E-01  2.1652180E-02  2.6060674E-04  2.0655344E-07
  9.3300000E-01  2.1974477E-02  2.6887155E-04  2.1659586E-07
  9.3200000E-01  2.2296588E-02  2.7727509E-04  2.2697521E-07
  9.3100000E-01  2.2618513E-02  2.8581782E-04  2.3769811E-07
  9.3000000E-01  2.2940252E-02  2.9450020E-04  2.4877123E-07
  9.2900000E-01  2.3261803E-02  3.0332271E-04  2.6020131E-07
  9.2800000E-01  2.3583166E-02  3.1228580E-04  2.7199513E-07
  9.2700000E-01  2.3904340E-02  3.2138994E-04  2.8415955E-07
  9.2600000E-01  2.4225325E-02  3.3063561E-04  2.9670147E-07
  9.2500000E-01  2.4546120E-02  3.4002328E-04  3.0962784E-07
  9.2400000E-01  2.4866724E-02  3.4955341E-04  3.2294570E-07
  9.2300000E-01  2.5187137E-02  3.5922650E-04  3.3666211E-07
  9.2200000E-01  2.5507358E-02  3.6904301E-04  3.5078420E-07
  9.2100000E-01  2.5827387E-02  3.7900342E-04  3.6531919E-07
  9.2000000E-01  2.6147222E-02  3.8910822E-04  3.8027431E-07
  9.1900000E-01  2.6466863E-02  3.9935788E-04  3.9565689E-07
  9.1800000E-01  2.6786310E-02  4.0975288E-04  4.1147430E-07
  9.1700000E-01  2.7105562E-02  4.2029373E-04  4.2773398E-07
  9.1600000E-01  2.7424618E-02  4.3098089E-04  4.4444342E-07
  9.1500000E-01  2.7743477E-02  4.4181486E-04  4.6161019E-07
  9.1400000E-01  2.8062140E-02  4.5279614E-04  4.7924191E-07
  9.1300000E-01  2.8380604E-02  4.6392521E-04  4.9734626E-07
  9.1200000E-01  2.8698870E-02  4.7520256E-04  5.1593099E-07
  9.1100000E-01  2.9016937E-02  4.8662869E-04  5.3500391E-07
  9.1000000E-01  2.9334804E-02  4.9820411E-04  5.5457291E-07
  9.0900000E-01  2.9652470E-02  5.0992930E-04  5.7464592E-07
  9.0800000E-01  2.9969935E-02  5.2180478E-04  5.9523095E-07
  9.0700000E-01  3.0287198E-02  5.3383104E-04  6.1633607E-07
  9.0600000E-01  3.0604259E-02  5.4600858E-04  6.3796943E-07
  9.0500000E-01  3.0921116E-02  5.5833791E-04  6.6013922E-07
  9.0400000E-01  3.1237769E-02  5.7081955E-04  6.8285373E-07
  9.0300000E-01  3.1554218E-02  5.8345400E-04  7.0612129E-07
  9.0200000E-01  3.1870461E-02  5.9624176E-04  7.2995031E-07
  9.0100000E-01  3.2186498E-02  6.0918337E-04  7.5434928E-07
  9.0000000E-01  3.2502329E-02  6.2227932E-04  7.7932673E-07
  8.9900000E-01  3.2817952E-02  6.3553014E-04  8.0489129E-07
  8.9800000E-01  3.3133366E-02  6.4893634E-04  8.3105164E-07
  8.9700000E-01  3.3448572E-02  6.6249845E-04  8.5781655E-07
  8.9600000E-01  3.3763569E-02  6.7621699E-04  8.8519484E-07
  8.9500000E-01  3.4078355E-02  6.9009248E-04  9.1319543E-07
  8.9400000E-01  3.4392930E-02  7.0412545E-04  9.4182727E-07
  8.9300000E-01  3.4707293E-02  7.1831642E-04  9.7109943E-07
  8.9200000E-01  3.5021444E-02  7.3266593E-04  1.0010210E-06
  8.9100000E-01  3.5335381E-02  7.4717451E-04  1.0316012E-06
  8.9000000E-01  3.5649105E-02  7.6184268E-04  1.0628494E-06
  8.8900000E-01  3.5962614E-02  7.7667100E-04  1.0947747E-06
  8.8800000E-01  3.6275908E-02  7.9165998E-04  1.1273868E-06
  8.8700000E-01  3.6588985E-02  8.0681017E-04  1.1606950E-06
  8.8600000E-01  3.6901846E-02  8.2212212E-04  1.1947090E-06
  8.8500000E-01  3.7214489E-02  8.3759636E-04  1.2294384E-06
  8.8400000E-01  3.7526914E-02  8.5323344E-04  1.2648929E-06
  8.8300000E-01  3.7839120E-02  8.6903391E-04  1.3010823E-06
  8.8200000E-01  3.8151106E-02  8.8499831E-04  1.3380166E-06
  8.8100000E-01  3.8462871E-02  9.0112719E-04  1.3757057E-06
  8.8000000E-01  3.8774415E-02  9.1742112E-04  1.4141597E-06
  8.7900000E-01  3.9085737E-02  9.3388063E-04  1.4533887E-06
  8.7800000E-01  3.9396836E-02  9.5050629E-04  1.4934028E-06
  8.7700000E-01  3.9707711E-02  9.6729866E-04  1.5342125E-06
  8.7600000E-01  4.0018363E-02  9.8425829E-04  1.5758281E-06
  8.7500000E-01  4.0328789E-02  1.0013857E-03  1.6182600E-06
  8.7400000E-01  4.0638989E-02  1.0186816E-03  1.6615189E-06
  8.7300000E-01  4.0948962E-02  1.0361464E-03  1.7056153E-06
  8.7200000E-01  4.1258708E-02  1.0537807E-03  1.7505599E-06
  8.7100000E-01  4.1568226E-02  1.0715852E-03  1.7963636E-06
  8.7000000E-01  4.1877515E-02  1.0895603E-03  1.8430373E-06
  8.6900000E-01  4.2186574E-02  1.1077066E-03  1.8905920E-06
  8.6800000E-01  4.2495402E-02  1.1260248E-03  1.9390386E-06
  8.6700000E-01  4.2803999E-02  1.1445153E-03  1.9883884E-06
  8.6600000E-01  4.3112364E-02  1.1631789E-03  2.0386527E-06
  8.6500000E-01  4.3420496E-02  1.1820159E-03  2.0898427E-06
  8.6400000E-01  4.3728394E-02  1.2010272E-03  2.1419699E-06
  8.6300000E-01  4.4036057E-02  1.2202131E-03  2.1950459E-06
  8.6200000E-01  4.4343486E-02  1.2395744E-03  2.2490822E-06
  8.6100000E-01  4.4650678E-02  1.2591116E-03  2.3040905E-06
  8.6000000E-01  4.4957633E-02  1.2788253E-03  2.3600827E-06
  8.5900000E-01  4.5264350E-02  1.2987160E-03  2.4170706E-06
  8.5800000E-01  4.5570829E-02  1.3187845E-03  2.4750663E-06
  8.5700000E-01  4.5877068E-02  1.3390313E-03  2.5340818E-06
  8.5600000E-01  4.6183067E-02  1.3594569E-03  2.5941294E-06
  8.5500000E-01  4.6488825E-02  1.3800620E-03  2.6552212E-06
  8.5400000E-01  4.6794341E-02  1.4008473E-03  2.7173697E-06
  8.5300000E-01  4.7099615E-02  1.4218132E-03  2.7805874E-06
  8.5200000E-01  4.7404645E-02  1.4429605E-03  2.8448869E-06
  8.5100000E-01  4.7709430E-02  1.4642896E-03  2.9102808E-06
  8.5000000E-01  4.8013970E-02  1.4858014E-03  2.9767819E-06
  8.4900000E-01  4.8318264E-02  1.5074962E-03  3.0444031E-06
  8.4800000E-01  4.8622312E-02  1.5293749E-03  3.1131574E-06
  8.4700000E-01  4.8926111E-02  1.5514379E-03  3.1830580E-06
  8.4600000E-01  4.9229662E-02  1.5736860E-03  3.2541179E-06
  8.4500000E-01  4.9532963E-02  1.5961197E-03  3.3263504E-06
  8.4400000E-01  4.9836014E-02  1.6187397E-03  3.3997691E-06
  8.4300000E-01  5.0138814E-02  1.6415465E-03  3.4743875E-06
  8.4200000E-01  5.0441362E-02  1.6645409E-03  3.5502190E-06
  8.4100000E-01  5.0743657E-02  1.6877235E-03  3.6272776E-06
  8.4000000E-01  5.1045698E-02  1.7110948E-03  3.7055769E-06
  8.3900000E-01  5.1347484E-02  1.7346556E-03  3.7851311E-06
  8.3800000E-01  5.1649015E-02  1.7584064E-03  3.8659541E-06
  8.3700000E-01  5.1950289E-02  1.7823480E-03  3.9480601E-06
  8.3600000E-01  5.2251306E-02  1.8064809E-03  4.0314634E-06
  8.3500000E-01  5.2552065E-02  1.8308059E-03  4.1161785E-06
  8.3400000E-01  5.2852565E-02  1.8553235E-03  4.2022197E-06
  8.3300000E-01  5.3152805E-02  1.8800344E-03  4.2896019E-06
  8.3200000E-01  5.3452784E-02  1.9049393E-03  4.3783397E-06
  8.3100000E-01  5.3752501E-02  1.9300387E-03  4.4684479E-06
  8.3000000E-01  5.4051955E-02  1.9553335E-03  4.5599417E-06
  8.2900000E-01  5.4351146E-02  1.9808242E-03  4.6528360E-06
  8.2800000E-01  5.4650073E-02  2.0065115E-03  4.7471462E-06
  8.2700000E-01  5.4948734E-02  2.0323961E-03  4.8428875E-06
  8.2600000E-01  5.5247128E-02  2.0584786E-03  4.9400754E-06
  8.2500000E-01  5.5545256E-02  2.0847597E-03  5.0387255E-06
  8.2400000E-01  5.5843115E-02  2.1112401E-03  5.1388536E-06
  8.2300000E-01  5.6140705E-02  2.1379204E-03  5.2404755E-06
  8.2200000E-01  5.6438025E-02  2.1648014E-03  5.3436071E-06
  8.2100000E-01  5.6735075E-02  2.1918837E-03  5.4482646E-06
  8.2000000E-01  5.7031852E-02  2.2191679E-03  5.5544642E-06
  8.1900000E-01  5.7328356E-02  2.2466549E-03  5.6622221E-06
  8.1800000E-01  5.7624587E-02  2.2743452E-03  5.7715550E-06
  8.1700000E-01  5.7920543E-02  2.3022395E-03  5.8824793E-06
  8.1600000E-01  5.8216223E-02  2.3303386E-03  5.9950120E-06
  8.1500000E-01  5.8511627E-02  2.3586432E-03  6.1091697E-06
  8.1400000E-01  5.8806753E-02  2.3871539E-03  6.2249696E-06
  8.1300000E-01  5.9101601E-02  2.4158714E-03  6.3424288E-06
  8.1200000E-01  5.9396169E-02  2.4447964E-03  6.4615646E-06
  8.1100000E-01  5.9690456E-02  2.4739297E-03  6.5823943E-06
  8.1000000E-01  5.9984463E-02  2.5032719E-03  6.7049356E-06
  8.0900000E-01  6.0278186E-02  2.5328238E-03  6.8292062E-06
  8.0800000E-01  6.0571627E-02  2.5625860E-03  6.9552238E-06
  8.0700000E-01  6.0864782E-02  2.5925594E-03  7.0830065E-06
  8.0600000E-01  6.1157653E-02  2.6227445E-03  7.2125723E-06
  8.0500000E-01  6.1450237E-02  2.6531421E-03  7.3439396E-06
  8.0400000E-01  6.1742534E-02  2.6837530E-03  7.4771267E-06
  8.0300000E-01  6.2034543E-02  2.7145779E-03  7.6121523E-06
  8.0200000E-01  6.2326262E-02  2.7456174E-03  7.7490349E-06
  8.0100000E-01  6.2617691E-02  2.7768724E-03  7.8877936E-06
  8.0000000E-01  6.2908828E-02  2.8083435E-03  8.0284471E-06
  7.9900000E-01  6.3199673E-02  2.8400315E-03  8.1710148E-06
  7.9800000E-01  6.3490225E-02  2.8719371E-03  8.3155158E-06
  7.9700000E-01  6.3780482E-02  2.9040611E-03  8.4619698E-06
  7.9600000E-01  6.4070444E-02  2.9364041E-03  8.6103962E-06
  7.9500000E-01  6.4360109E-02  2.9689671E-03  8.7608148E-06
  7.9400000E-01  6.4649477E-02  3.0017506E-03  8.9132455E-06
  7.9300000E-01  6.4938546E-02  3.0347555E-03  9.0677085E-06
  7.9200000E-01  6.5227316E-02  3.0679825E-03  9.2242240E-06
  7.9100000E-01  6.5515786E-02  3.1014323E-03  9.3828123E-06
  7.9000000E-01  6.5803953E-02  3.1351058E-03  9.5434940E-06
  7.8900000E-01  6.6091818E-02  3.1690036E-03  9.7062899E-06
  7.8800000E-01  6.6379379E-02  3.2031266E-03  9.8712208E-06
  7.8700000E-01  6.6666636E-02  3.2374755E-03  1.0038308E-05
  7.8600000E-01  6.6953586E-02  3.2720510E-03  1.0207572E-05
  7.8500000E-01  6.7240230E-02  3.3068541E-03  1.0379035E-05
  7.8400000E-01  6.7526565E-02  3.3418853E-03  1.0552718E-05
  7.8300000E-01  6.7812592E-02  3.3771455E-03  1.0728643E-05
  7.8200000E-01  6.8098308E-02  3.4126355E-03  1.0906832E-05
  7.8100000E-01  6.8383713E-02  3.4483561E-03  1.1087307E-05
  7.8000000E-01  6.8668806E-02  3.4843080E-03  1.1270090E-05
  7.7900000E-01  6.8953585E-02  3.5204921E-03  1.1455203E-05
  7.7800000E-01  6.9238050E-02  3.5569091E-03  1.1642670E-05
  7.7700000E-01  6.9522199E-02  3.5935598E-03  1.1832512E-05
  7.7600000E-01  6.9806032E-02  3.6304451E-03  1.2024754E-05
  7.7500000E-01  7.0089547E-02  3.6675656E-03  1.2219417E-05
  7.7400000E-01  7.0372743E-02  3.7049223E-03  1.2416526E-05
  7.7300000E-01  7.0655619E-02  3.7425159E-03  1.2616104E-05
  7.7200000E-01  7.0938173E-02  3.7803473E-03  1.2818174E-05
  7.7100000E-01  7.1220406E-02  3.8184172E-03  1.3022761E-05
  7.7000000E-01  7.1502315E-02  3.8567264E-03  1.3229888E-05
  7.6900000E-01  7.1783900E-02  3.8952759E-03  1.3439580E-05
  7.6800000E-01  7.2065158E-02  3.9340663E-03  1.3651861E-05
  7.6700000E-01  7.2346091E-02  3.9730986E-03  1.3866756E-05
  7.6600000E-01  7.2626695E-02  4.0123735E-03  1.4084290E-05
  7.6500000E-01  7.2906970E-02  4.0518919E-03  1.4304487E-05
  7.6400000E-01  7.3186915E-02  4.0916546E-03  1.4527373E-05
  7.6300000E-01  7.3466529E-02  4.1316624E-03  1.4752973E-05
  7.6200000E-01  7.3745810E-02  4.1719162E-03  1.4981314E-05
  7.6100000E-01  7.4024757E-02  4.2124169E-03  1.5212420E-05
  7.6000000E-01  7.4303369E-02  4.2531651E-03  1.5446318E-05
  7.5900000E-01  7.4581646E-02  4.2941620E-03  1.5683035E-05
  7.5800000E-01  7.4859585E-02  4.3354081E-03  1.5922595E-05
  7.5700000E-01  7.5137186E-02  4.3769045E-03  1.6165027E-05
  7.5600000E-01  7.5414447E-02  4.4186519E-03  1.6410357E-05
  7.5500000E-01  7.5691367E-02  4.4606513E-03  1.6658612E-05
  7.5400000E-01  7.5967946E-02  4.5029035E-03  1.6909820E-05
  7.5300000E-01  7.6244181E-02  4.5454093E-03  1.7164008E-05
  7.5200000E-01  7.6520072E-02  4.5881696E-03  1.7421203E-05
  7.5100000E-01  7.6795617E-02  4.6311853E-03  1.7681434E-05
  7.5000000E-01  7.7070816E-02  4.6744573E-03  1.7944728E-05
  7.4900000E-01  7.7345666E-02  4.7179864E-03  1.8211115E-05
  7.4800000E-01  7.7620168E-02  4.7617735E-03  1.8480623E-05
  7.4700000E-01  7.7894318E-02  4.8058196E-03  1.8753280E-05
  7.4600000E-01  7.8168118E-02  4.8501254E-03  1.9029116E-05
  7.4500000E-01  7.8441564E-02  4.8946919E-03  1.9308160E-05
  7.4400000E-01  7.8714656E-02  4.9395200E-03  1.9590442E-05
  7.4300000E-01  7.8987393E-02  4.9846106E-03  1.9875991E-05
  7.4200000E-01  7.9259773E-02  5.0299645E-03  2.0164838E-05
  7.4100000E-01  7.9531795E-02  5.0755827E-03  2.0457012E-05
  7.4000000E-01  7.9803458E-02  5.1214660E-03  2.0752544E-05
  7.3900000E-01  8.0074760E-02  5.1676155E-03  2.1051464E-05
  7.3800000E-01  8.0345701E-02  5.2140319E-03  2.1353805E-05
  7.3700000E-01  8.0616279E-02  5.2607162E-03  2.1659596E-05
  7.3600000E-01  8.0886493E-02  5.3076694E-03  2.1968870E-05
  7.3500000E-01  8.1156341E-02  5.3548923E-03  2.2281658E-05
  7.3400000E-01  8.1425822E-02  5.4023859E-03  2.2597992E-05
  7.3300000E-01  8.1694935E-02  5.4501511E-03  2.2917905E-05
  7.3200000E-01  8.1963679E-02  5.4981888E-03  2.3241428E-05
  7.3100000E-01  8.2232052E-02  5.5465000E-03  2.3568595E-05
  7.3000000E-01  8.2500054E-02  5.5950856E-03  2.3899438E-05
  7.2900000E-01  8.2767681E-02  5.6439465E-03  2.4233990E-05
  7.2800000E-01  8.3034935E-02  5.6930837E-03  2.4572286E-05
  7.2700000E-01  8.3301812E-02  5.7424982E-03  2.4914359E-05
  7.2600000E-01  8.3568312E-02  5.7921908E-03  2.5260243E-05
  7.2500000E-01  8.3834433E-02  5.8421626E-03  2.5609973E-05
  7.2400000E-01  8.4100175E-02  5.8924145E-03  2.5963582E-05
  7.2300000E-01  8.4365535E-02  5.9429475E-03  2.6321106E-05
  7.2200000E-01  8.4630512E-02  5.9937624E-03  2.6682580E-05
  7.2100000E-01  8.4895106E-02  6.0448604E-03  2.7048039E-05
  7.2000000E-01  8.5159314E-02  6.0962424E-03  2.7417519E-05
  7.1900000E-01  8.5423136E-02  6.1479092E-03  2.7791056E-05
  7.1800000E-01  8.5686569E-02  6.1998620E-03  2.8168686E-05
  7.1700000E-01  8.5949614E-02  6.2521017E-03  2.8550446E-05
  7.1600000E-01  8.6212267E-02  6.3046293E-03  2.8936373E-05
  7.1500000E-01  8.6474528E-02  6.3574458E-03  2.9326504E-05
  7.1400000E-01  8.6736396E-02  6.4105521E-03  2.9720875E-05
  7.1300000E-01  8.6997868E-02  6.4639493E-03  3.0119526E-05
  7.1200000E-01  8.7258945E-02  6.5176384E-03  3.0522493E-05
  7.1100000E-01  8.7519623E-02  6.5716203E-03  3.0929816E-05
  7.1000000E-01  8.7779903E-02  6.6258961E-03  3.1341532E-05
  7.0900000E-01  8.8039782E-02  6.6804668E-03  3.1757682E-05
  7.0800000E-01  8.8299258E-02  6.7353333E-03  3.2178303E-05
  7.0700000E-01  8.8558332E-02  6.7904968E-03  3.2603436E-05
  7.0600000E-01  8.8817001E-02  6.8459582E-03  3.3033121E-05
  7.0500000E-01  8.9075263E-02  6.9017186E-03  3.3467397E-05
  7.0400000E-01  8.9333118E-02  6.9577789E-03  3.3906305E-05
  7.0300000E-01  8.9590563E-02  7.0141403E-03  3.4349886E-05
  7.0200000E-01  8.9847598E-02  7.0708037E-03  3.4798182E-05
  7.0100000E-01  9.0104221E-02  7.1277703E-03  3.5251233E-05
  7.0000000E-01  9.0360430E-02  7.1850409E-03  3.5709081E-05
  6.9900000E-01  9.0616225E-02  7.2426167E-03  3.6171769E-05
  6.9800000E-01  9.0871603E-02  7.3004988E-03  3.6639339E-05
  6.9700000E-01  9.1126563E-02  7.3586881E-03  3.7111834E-05
  6.9600000E-01  9.1381103E-02  7.4171858E-03  3.7589297E-05
  6.9500000E-01  9.1635223E-02  7.4759928E-03  3.8071772E-05
  6.9400000E-01  9.1888921E-02  7.5351104E-03  3.8559302E-05
  6.9300000E-01  9.2142194E-02  7.5945394E-03  3.9051932E-05
  6.9200000E-01  9.2395042E-02  7.6542811E-03  3.9549705E-05
  6.9100000E-01  9.2647464E-02  7.7143364E-03  4.0052668E-05
  6.9000000E-01  9.2899456E-02  7.7747066E-03  4.0560865E-05
  6.8900000E-01  9.3151019E-02  7.8353925E-03  4.1074342E-05
  6.8800000E-01  9.3402151E-02  7.8963954E-03  4.1593145E-05
  6.8700000E-01  9.3652849E-02  7.9577163E-03  4.2117321E-05
  6.8600000E-01  9.3903113E-02  8.0193563E-03  4.2646915E-05
  6.8500000E-01  9.4152941E-02  8.0813165E-03  4.3181975E-05
  6.8400000E-01  9.4402332E-02  8.1435981E-03  4.3722549E-05
  6.8300000E-01  9.4651283E-02  8.2062020E-03  4.4268685E-05
  6.8200000E-01  9.4899793E-02  8.2691295E-03  4.4820430E-05
  6.8100000E-01  9.5147861E-02  8.3323817E-03  4.5377834E-05
  6.8000000E-01  9.5395486E-02  8.3959596E-03  4.5940944E-05
  6.7900000E-01  9.5642664E-02  8.4598644E-03  4.6509812E-05
  6.7800000E-01  9.5889396E-02  8.5240972E-03  4.7084486E-05
  6.7700000E-01  9.6135679E-02  8.5886592E-03  4.7665017E-05
  6.7600000E-01  9.6381512E-02  8.6535514E-03  4.8251455E-05
  6.7500000E-01  9.6626893E-02  8.7187751E-03  4.8843852E-05
  6.7400000E-01  9.6871821E-02  8.7843313E-03  4.9442258E-05
  6.7300000E-01  9.7116294E-02  8.8502212E-03  5.0046726E-05
  6.7200000E-01  9.7360310E-02  8.9164459E-03  5.0657307E-05
  6.7100000E-01  9.7603868E-02  8.9830067E-03  5.1274055E-05
  6.7000000E-01  9.7846965E-02  9.0499046E-03  5.1897023E-05
  6.6900000E-01  9.8089602E-02  9.1171409E-03  5.2526263E-05
  6.6800000E-01  9.8331775E-02  9.1847166E-03  5.3161831E-05
  6.6700000E-01  9.8573483E-02  9.2526330E-03  5.3803780E-05
  6.6600000E-01  9.8814725E-02  9.3208913E-03  5.4452165E-05
  6.6500000E-01  9.9055498E-02  9.3894925E-03  5.5107041E-05
  6.6400000E-01  9.9295802E-02  9.4584379E-03  5.5768465E-05
  6.6300000E-01  9.9535634E-02  9.5277288E-03  5.6436492E-05
  6.6200000E-01  9.9774993E-02  9.5973662E-03  5.7111178E-05
  6.6100000E-01  1.0001388E-01  9.6673513E-03  5.7792582E-05
  6.6000000E-01  1.0025228E-01  9.7376854E-03  5.8480760E-05
  6.5900000E-01  1.0049021E-01  9.8083697E-03  5.9175770E-05
  6.5800000E-01  1.0072766E-01  9.8794054E-03  5.9877670E-05
  6.5700000E-01  1.0096463E-01  9.9507936E-03  6.0586521E-05
  6.5600000E-01  1.0120112E-01  1.0022536E-02  6.1302380E-05
  6.5500000E-01  1.0143711E-01  1.0094633E-02  6.2025308E-05
  6.5400000E-01  1.0167263E-01  1.0167086E-02  6.2755365E-05
  6.5300000E-01  1.0190765E-01  1.0239897E-02  6.3492613E-05
  6.5200000E-01  1.0214218E-01  1.0313066E-02  6.4237111E-05
  6.5100000E-01  1.0237622E-01  1.0386596E-02  6.4988923E-05
  6.5000000E-01  1.0260977E-01  1.0460486E-02  6.5748110E-05
  6.4900000E-01  1.0284282E-01  1.0534739E-02  6.6514735E-05
  6.4800000E-01  1.0307538E-01  1.0609356E-02  6.7288861E-05
  6.4700000E-01  1.0330743E-01  1.0684338E-02  6.8070553E-05
  6.4600000E-01  1.0353899E-01  1.0759686E-02  6.8859875E-05
  6.4500000E-01  1.0377004E-01  1.0835401E-02  6.9656891E-05
  6.4400000E-01  1.0400058E-01  1.0911485E-02  7.0461666E-05
  6.4300000E-01  1.0423062E-01  1.0987939E-02  7.1274268E-05
  6.4200000E-01  1.0446016E-01  1.1064764E-02  7.2094762E-05
  6.4100000E-01  1.0468918E-01  1.1141962E-02  7.2923214E-05
  6.4000000E-01  1.0491769E-01  1.1219533E-02  7.3759694E-05
  6.3900000E-01  1.0514569E-01  1.1297480E-02  7.4604268E-05
  6.3800000E-01  1.0537317E-01  1.1375803E-02  7.5457006E-05
  6.3700000E-01  1.0560013E-01  1.1454504E-02  7.6317976E-05
  6.3600000E-01  1.0582658E-01  1.1533584E-02  7.7187248E-05
  6.3500000E-01  1.0605250E-01  1.1613044E-02  7.8064893E-05
  6.3400000E-01  1.0627790E-01  1.1692886E-02  7.8950981E-05
  6.3300000E-01  1.0650278E-01  1.1773111E-02  7.9845584E-05
  6.3200000E-01  1.0672713E-01  1.1853720E-02  8.0748773E-05
  6.3100000E-01  1.0695095E-01  1.1934714E-02  8.1660623E-05
  6.3000000E-01  1.0717424E-01  1.2016096E-02  8.2581204E-05
  6.2900000E-01  1.0739699E-01  1.2097866E-02  8.3510593E-05
  6.2800000E-01  1.0761922E-01  1.2180025E-02  8.4448861E-05
  6.2700000E-01  1.0784091E-01  1.2262575E-02  8.5396086E-05
  6.2600000E-01  1.0806206E-01  1.2345518E-02  8.6352342E-05
  6.2500000E-01  1.0828267E-01  1.2428854E-02  8.7317706E-05
  6.2400000E-01  1.0850273E-01  1.2512585E-02  8.8292254E-05
  6.2300000E-01  1.0872226E-01  1.2596712E-02  8.9276064E-05
  6.2200000E-01  1.0894123E-01  1.2681238E-02  9.0269213E-05
  6.2100000E-01  1.0915966E-01  1.2766162E-02  9.1271782E-05
  6.2000000E-01  1.0937754E-01  1.2851487E-02  9.2283848E-05
  6.1900000E-01  1.0959487E-01  1.2937213E-02  9.3305492E-05
  6.1800000E-01  1.0981165E-01  1.3023343E-02  9.4336795E-05
  6.1700000E-01  1.1002787E-01  1.3109877E-02  9.5377839E-05
  6.1600000E-01  1.1024353E-01  1.3196818E-02  9.6428704E-05
  6.1500000E-01  1.1045863E-01  1.3284166E-02  9.7489473E-05
  6.1400000E-01  1.1067317E-01  1.3371922E-02  9.8560231E-05
  6.1300000E-01  1.1088715E-01  1.3460089E-02  9.9641061E-05
  6.1200000E-01  1.1110056E-01  1.3548668E-02  1.0073205E-04
  6.1100000E-01  1.1131340E-01  1.3637659E-02  1.0183328E-04
  6.1000000E-01  1.1152567E-01  1.3727065E-02  1.0294483E-04
  6.0900000E-01  1.1173737E-01  1.3816887E-02  1.0406680E-04
  6.0800000E-01  1.1194850E-01  1.3907126E-02  1.0519928E-04
  6.0700000E-01  1.1215905E-01  1.3997784E-02  1.0634234E-04
  6.0600000E-01  1.1236902E-01  1.4088862E-02  1.0749608E-04
  6.0500000E-01  1.1257842E-01  1.4180362E-02  1.0866060E-04
  6.0400000E-01  1.1278723E-01  1.4272285E-02  1.0983597E-04
  6.0300000E-01  1.1299545E-01  1.4364632E-02  1.1102229E-04
  6.0200000E-01  1.1320309E-01  1.4457406E-02  1.1221966E-04
  6.0100000E-01  1.1341014E-01  1.4550606E-02  1.1342816E-04
  6.0000000E-01  1.1361661E-01  1.4644236E-02  1.1464789E-04
  5.9900000E-01  1.1382247E-01  1.4738297E-02  1.1587895E-04
  5.9800000E-01  1.1402775E-01  1.4832789E-02  1.1712142E-04
  5.9700000E-01  1.1423242E-01  1.4927714E-02  1.1837540E-04
  5.9600000E-01  1.1443650E-01  1.5023075E-02  1.1964100E-04
  5.9500000E-01  1.1463997E-01  1.5118872E-02  1.2091830E-04
  5.9400000E-01  1.1484285E-01  1.5215106E-02  1.2220741E-04
  5.9300000E-01  1.1504511E-01  1.5311781E-02  1.2350842E-04
  5.9200000E-01  1.1524677E-01  1.5408896E-02  1.2482143E-04
  5.9100000E-01  1.1544782E-01  1.5506453E-02  1.2614656E-04
  5.9000000E-01  1.1564825E-01  1.5604454E-02  1.2748388E-04
  5.8900000E-01  1.1584808E-01  1.5702901E-02  1.2883352E-04
  5.8800000E-01  1.1604728E-01  1.5801795E-02  1.3019557E-04
  5.8700000E-01  1.1624587E-01  1.5901137E-02  1.3157013E-04
  5.8600000E-01  1.1644383E-01  1.6000930E-02  1.3295731E-04
  5.8500000E-01  1.1664117E-01  1.6101173E-02  1.3435722E-04
  5.8400000E-01  1.1683789E-01  1.6201871E-02  1.3576996E-04
  5.8300000E-01  1.1703398E-01  1.6303022E-02  1.3719564E-04
  5.8200000E-01  1.1722944E-01  1.6404631E-02  1.3863437E-04
  5.8100000E-01  1.1742426E-01  1.6506696E-02  1.4008625E-04
  5.8000000E-01  1.1761845E-01  1.6609222E-02  1.4155141E-04
  5.7900000E-01  1.1781201E-01  1.6712208E-02  1.4302994E-04
  5.7800000E-01  1.1800492E-01  1.6815657E-02  1.4452196E-04
  5.7700000E-01  1.1819719E-01  1.6919570E-02  1.4602758E-04
  5.7600000E-01  1.1838882E-01  1.7023949E-02  1.4754692E-04
  5.7500000E-01  1.1857981E-01  1.7128795E-02  1.4908010E-04
  5.7400000E-01  1.1877014E-01  1.7234110E-02  1.5062722E-04
  5.7300000E-01  1.1895983E-01  1.7339896E-02  1.5218840E-04
  5.7200000E-01  1.1914886E-01  1.7446153E-02  1.5376377E-04
  5.7100000E-01  1.1933723E-01  1.7552885E-02  1.5535343E-04
  5.7000000E-01  1.1952495E-01  1.7660092E-02  1.5695752E-04
  5.6900000E-01  1.1971201E-01  1.7767776E-02  1.5857614E-04
  5.6800000E-01  1.1989840E-01  1.7875938E-02  1.6020943E-04
  5.6700000E-01  1.2008413E-01  1.7984581E-02  1.6185750E-04
  5.6600000E-01  1.2026919E-01  1.8093706E-02  1.6352048E-04
  5.6500000E-01  1.2045358E-01  1.8203315E-02  1.6519850E-04
  5.6400000E-01  1.2063730E-01  1.8313408E-02  1.6689167E-04
  5.6300000E-01  1.2082035E-01  1.8423989E-02  1.6860013E-04
  5.6200000E-01  1.2100272E-01  1.8535058E-02  1.7032400E-04
  5.6100000E-01  1.2118440E-01  1.8646617E-02  1.7206341E-04
  5.6000000E-01  1.2136541E-01  1.8758669E-02  1.7381850E-04
  5.5900000E-01  1.2154573E-01  1.8871214E-02  1.7558938E-04
  5.5800000E-01  1.2172537E-01  1.8984254E-02  1.7737621E-04
  5.5700000E-01  1.2190431E-01  1.9097791E-02  1.7917910E-04
  5.5600000E-01  1.2208257E-01  1.9211827E-02  1.8099819E-04
  5.5500000E-01  1.2226013E-01  1.9326363E-02  1.8283363E-04
  5.5400000E-01  1.2243699E-01  1.9441401E-02  1.8468553E-04
  5.5300000E-01  1.2261315E-01  1.9556944E-02  1.8655405E-04
  5.5200000E-01  1.2278861E-01  1.9672991E-02  1.8843933E-04
  5.5100000E-01  1.2296337E-01  1.9789546E-02  1.9034149E-04
  5.5000000E-01  1.2313742E-01  1.9906610E-02  1.9226069E-04
  5.4900000E-01  1.2331076E-01  2.0024184E-02  1.9419706E-04
  5.4800000E-01  1.2348339E-01  2.0142271E-02  1.9615076E-04
  5.4700000E-01  1.2365530E-01  2.0260872E-02  1.9812191E-04
  5.4600000E-01  1.2382650E-01  2.0379989E-02  2.0011068E-04
  5.4500000E-01  1.2399697E-01  2.0499624E-02  2.0211721E-04
  5.4400000E-01  1.2416673E-01  2.0619778E-02  2.0414164E-04
  5.4300000E-01  1.2433575E-01  2.0740454E-02  2.0618413E-04
  5.4200000E-01  1.2450406E-01  2.0861652E-02  2.0824482E-04
  5.4100000E-01  1.2467163E-01  2.0983375E-02  2.1032388E-04
  5.4000000E-01  1.2483846E-01  2.1105625E-02  2.1242145E-04
  5.3900000E-01  1.2500457E-01  2.1228403E-02  2.1453768E-04
  5.3800000E-01  1.2516993E-01  2.1351712E-02  2.1667275E-04
  5.3700000E-01  1.2533455E-01  2.1475552E-02  2.1882679E-04
  5.3600000E-01  1.2549843E-01  2.1599926E-02  2.2099998E-04
  5.3500000E-01  1.2566157E-01  2.1724835E-02  2.2319247E-04
  5.3400000E-01  1.2582395E-01  2.1850282E-02  2.2540442E-04
  5.3300000E-01  1.2598558E-01  2.1976268E-02  2.2763600E-04
  5.3200000E-01  1.2614646E-01  2.2102795E-02  2.2988737E-04
  5.3100000E-01  1.2630658E-01  2.2229865E-02  2.3215869E-04
  5.3000000E-01  1.2646594E-01  2.2357480E-02  2.3445015E-04
  5.2900000E-01  1.2662454E-01  2.2485641E-02  2.3676189E-04
  5.2800000E-01  1.2678238E-01  2.2614350E-02  2.3909410E-04
  5.2700000E-01  1.2693944E-01  2.2743610E-02  2.4144694E-04
  5.2600000E-01  1.2709574E-01  2.2873422E-02  2.4382059E-04
  5.2500000E-01  1.2725126E-01  2.3003788E-02  2.4621522E-04
  5.2400000E-01  1.2740600E-01  2.3134709E-02  2.4863101E-04
  5.2300000E-01  1.2755997E-01  2.3266189E-02  2.5106813E-04
  5.2200000E-01  1.2771315E-01  2.3398228E-02  2.5352677E-04
  5.2100000E-01  1.2786555E-01  2.3530828E-02  2.5600710E-04
  5.2000000E-01  1.2801716E-01  2.3663992E-02  2.5850932E-04
  5.1900000E-01  1.2816798E-01  2.3797721E-02  2.6103359E-04
  5.1800000E-01  1.2831801E-01  2.3932018E-02  2.6358011E-04
  5.1700000E-01  1.2846724E-01  2.4066883E-02  2.6614906E-04
  5.1600000E-01  1.2861567E-01  2.4202320E-02  2.6874064E-04
  5.1500000E-01  1.2876330E-01  2.4338329E-02  2.7135502E-04
  5.1400000E-01  1.2891013E-01  2.4474913E-02  2.7399241E-04
  5.1300000E-01  1.2905615E-01  2.4612075E-02  2.7665300E-04
  5.1200000E-01  1.2920135E-01  2.4749814E-02  2.7933698E-04
  5.1100000E-01  1.2934575E-01  2.4888135E-02  2.8204455E-04
  5.1000000E-01  1.2948932E-01  2.5027038E-02  2.8477590E-04
  5.0900000E-01  1.2963208E-01  2.5166526E-02  2.8753124E-04
  5.0800000E-01  1.2977402E-01  2.5306600E-02  2.9031077E-04
  5.0700000E-01  1.2991512E-01  2.5447263E-02  2.9311470E-04
  5.0600000E-01  1.3005541E-01  2.5588516E-02  2.9594322E-04
  5.0500000E-01  1.3019486E-01  2.5730362E-02  2.9879654E-04
  5.0400000E-01  1.3033347E-01  2.5872802E-02  3.0167488E-04
  5.0300000E-01  1.3047125E-01  2.6015839E-02  3.0457845E-04
  5.0200000E-01  1.3060819E-01  2.6159474E-02  3.0750745E-04
  5.0100000E-01  1.3074428E-01  2.6303710E-02  3.1046210E-04
  5.0000000E-01  1.3087953E-01  2.6448548E-02  3.1344262E-04
  4.9900000E-01  1.3101393E-01  2.6593990E-02  3.1644923E-04
  4.9800000E-01  1.3114748E-01  2.6740039E-02  3.1948214E-04
  4.9700000E-01  1.3128017E-01  2.6886697E-02  3.2254159E-04
  4.9600000E-01  1.3141200E-01  2.7033965E-02  3.2562778E-04
  4.9500000E-01  1.3154297E-01  2.7181846E-02  3.2874095E-04
  4.9400000E-01  1.3167308E-01  2.7330341E-02  3.3188133E-04
  4.9300000E-01  1.3180231E-01  2.7479453E-02  3.3504914E-04
  4.9200000E-01  1.3193068E-01  2.7629183E-02  3.3824462E-04
  4.9100000E-01  1.3205817E-01  2.7779534E-02  3.4146800E-04
  4.9000000E-01  1.3218479E-01  2.7930508E-02  3.4471952E-04
  4.8900000E-01  1.3231052E-01  2.8082107E-02  3.4799941E-04
  4.8800000E-01  1.3243538E-01  2.8234333E-02  3.5130792E-04
  4.8700000E-01  1.3255934E-01  2.8387188E-02  3.5464528E-04
  4.8600000E-01  1.3268241E-01  2.8540675E-02  3.5801175E-04
  4.8500000E-01  1.3280460E-01  2.8694794E-02  3.6140756E-04
  4.8400000E-01  1.3292588E-01  2.8849548E-02  3.6483297E-04
  4.8300000E-01  1.3304627E-01  2.9004941E-02  3.6828822E-04
  4.8200000E-01  1.3316575E-01  2.9160972E-02  3.7177358E-04
  4.8100000E-01  1.3328432E-01  2.9317645E-02  3.7528929E-04
  4.8000000E-01  1.3340199E-01  2.9474962E-02  3.7883561E-04
  4.7900000E-01  1.3351875E-01  2.9632925E-02  3.8241281E-04
  4.7800000E-01  1.3363458E-01  2.9791536E-02  3.8602114E-04
  4.7700000E-01  1.3374950E-01  2.9950797E-02  3.8966087E-04
  4.7600000E-01  1.3386350E-01  3.0110710E-02  3.9333226E-04
  4.7500000E-01  1.3397657E-01  3.0271277E-02  3.9703559E-04
  4.7400000E-01  1.3408871E-01  3.0432502E-02  4.0077112E-04
  4.7300000E-01  1.3419992E-01  3.0594385E-02  4.0453913E-04
  4.7200000E-01  1.3431020E-01  3.0756928E-02  4.0833990E-04
  4.7100000E-01  1.3441953E-01  3.0920135E-02  4.1217370E-04
  4.7000000E-01  1.3452792E-01  3.1084007E-02  4.1604082E-04
  4.6900000E-01  1.3463537E-01  3.1248547E-02  4.1994153E-04
  4.6800000E-01  1.3474187E-01  3.1413756E-02  4.2387613E-04
  4.6700000E-01  1.3484741E-01  3.1579636E-02  4.2784490E-04
  4.6600000E-01  1.3495200E-01  3.1746191E-02  4.3184814E-04
  4.6500000E-01  1.3505563E-01  3.1913422E-02  4.3588614E-04
  4.6400000E-01  1.3515829E-01  3.2081331E-02  4.3995919E-04
  4.6300000E-01  1.3525999E-01  3.2249921E-02  4.4406760E-04
  4.6200000E-01  1.3536072E-01  3.2419194E-02  4.4821166E-04
  4.6100000E-01  1.3546048E-01  3.2589151E-02  4.5239168E-04
  4.6000000E-01  1.3555926E-01  3.2759796E-02  4.5660797E-04
  4.5900000E-01  1.3565706E-01  3.2931131E-02  4.6086084E-04
  4.5800000E-01  1.3575387E-01  3.3103157E-02  4.6515060E-04
  4.5700000E-01  1.3584970E-01  3.3275876E-02  4.6947756E-04
  4.5600000E-01  1.3594454E-01  3.3449293E-02  4.7384205E-04
  4.5500000E-01  1.3603838E-01  3.3623407E-02  4.7824439E-04
  4.5400000E-01  1.3613123E-01  3.3798222E-02  4.8268489E-04
  4.5300000E-01  1.3622307E-01  3.3973741E-02  4.8716389E-04
  4.5200000E-01  1.3631391E-01  3.4149964E-02  4.9168172E-04
  4.5100000E-01  1.3640374E-01  3.4326895E-02  4.9623871E-04
  4.5000000E-01  1.3649256E-01  3.4504536E-02  5.0083519E-04
  4.4900000E-01  1.3658036E-01  3.4682888E-02  5.0547151E-04
  4.4800000E-01  1.3666715E-01  3.4861955E-02  5.1014800E-04
  4.4700000E-01  1.3675291E-01  3.5041739E-02  5.1486502E-04
  4.4600000E-01  1.3683764E-01  3.5222242E-02  5.1962290E-04
  4.4500000E-01  1.3692134E-01  3.5403466E-02  5.2442201E-04
  4.4400000E-01  1.3700401E-01  3.5585413E-02  5.2926269E-04
  4.4300000E-01  1.3708564E-01  3.5768086E-02  5.3414531E-04
  4.4200000E-01  1.3716623E-01  3.5951487E-02  5.3907022E-04
  4.4100000E-01  1.3724578E-01  3.6135619E-02  5.4403780E-04
  4.4000000E-01  1.3732427E-01  3.6320484E-02  5.4904840E-04
  4.3900000E-01  1.3740172E-01  3.6506084E-02  5.5410239E-04
  4.3800000E-01  1.3747811E-01  3.6692421E-02  5.5920016E-04
  4.3700000E-01  1.3755343E-01  3.6879498E-02  5.6434208E-04
  4.3600000E-01  1.3762770E-01  3.7067317E-02  5.6952854E-04
  4.3500000E-01  1.3770089E-01  3.7255881E-02  5.7475990E-04
  4.3400000E-01  1.3777302E-01  3.7445191E-02  5.8003658E-04
  4.3300000E-01  1.3784407E-01  3.7635251E-02  5.8535895E-04
  4.3200000E-01  1.3791404E-01  3.7826062E-02  5.9072741E-04
  4.3100000E-01  1.3798293E-01  3.8017628E-02  5.9614236E-04
  4.3000000E-01  1.3805073E-01  3.8209949E-02  6.0160421E-04
  4.2900000E-01  1.3811744E-01  3.8403029E-02  6.0711336E-04
  4.2800000E-01  1.3818306E-01  3.8596871E-02  6.1267022E-04
  4.2700000E-01  1.3824757E-01  3.8791476E-02  6.1827520E-04
  4.2600000E-01  1.3831099E-01  3.8986846E-02  6.2392872E-04
  4.2500000E-01  1.3837330E-01  3.9182985E-02  6.2963121E-04
  4.2400000E-01  1.3843450E-01  3.9379895E-02  6.3538309E-04
  4.2300000E-01  1.3849459E-01  3.9577577E-02  6.4118479E-04
  4.2200000E-01  1.3855356E-01  3.9776035E-02  6.4703673E-04
  4.2100000E-01  1.3861141E-01  3.9975271E-02  6.5293937E-04
  4.2000000E-01  1.3866813E-01  4.0175287E-02  6.5889314E-04
  4.1900000E-01  1.3872372E-01  4.0376086E-02  6.6489849E-04
  4.1800000E-01  1.3877818E-01  4.0577670E-02  6.7095586E-04
  4.1700000E-01  1.3883150E-01  4.0780041E-02  6.7706571E-04
  4.1600000E-01  1.3888368E-01  4.0983202E-02  6.8322850E-04
  4.1500000E-01  1.3893472E-01  4.1187156E-02  6.8944469E-04
  4.1400000E-01  1.3898460E-01  4.1391905E-02  6.9571475E-04
  4.1300000E-01  1.3903333E-01  4.1597450E-02  7.0203915E-04
  4.1200000E-01  1.3908091E-01  4.1803796E-02  7.0841836E-04
  4.1100000E-01  1.3912732E-01  4.2010944E-02  7.1485287E-04
  4.1000000E-01  1.3917257E-01  4.2218896E-02  7.2134315E-04
  4.0900000E-01  1.3921664E-01  4.2427655E-02  7.2788970E-04
  4.0800000E-01  1.3925955E-01  4.2637224E-02  7.3449301E-04
  4.0700000E-01  1.3930127E-01  4.2847605E-02  7.4115358E-04
  4.0600000E-01  1.3934181E-01  4.3058801E-02  7.4787191E-04
  4.0500000E-01  1.3938117E-01  4.3270813E-02  7.5464852E-04
  4.0400000E-01  1.3941933E-01  4.3483645E-02  7.6148390E-04
  4.0300000E-01  1.3945630E-01  4.3697298E-02  7.6837858E-04
  4.0200000E-01  1.3949208E-01  4.3911776E-02  7.7533308E-04
  4.0100000E-01  1.3952665E-01  4.4127081E-02  7.8234793E-04
  4.0000000E-01  1.3956001E-01  4.4343215E-02  7.8942366E-04
  3.9900000E-01  1.3959216E-01  4.4560181E-02  7.9656081E-04
  3.9800000E-01  1.3962309E-01  4.4777981E-02  8.0375992E-04
  3.9700000E-01  1.3965281E-01  4.4996618E-02  8.1102153E-04
  3.9600000E-01  1.3968130E-01  4.5216094E-02  8.1834620E-04
  3.9500000E-01  1.3970856E-01  4.5436412E-02  8.2573449E-04
  3.9400000E-01  1.3973459E-01  4.5657574E-02  8.3318696E-04
  3.9300000E-01  1.3975938E-01  4.5879583E-02  8.4070417E-04
  3.9200000E-01  1.3978293E-01  4.6102442E-02  8.4828671E-04
  3.9100000E-01  1.3980524E-01  4.6326152E-02  8.5593515E-04
  3.9000000E-01  1.3982630E-01  4.6550716E-02  8.6365007E-04
  3.8900000E-01  1.3984610E-01  4.6776137E-02  8.7143207E-04
  3.8800000E-01  1.3986464E-01  4.7002418E-02  8.7928174E-04
  3.8700000E-01  1.3988192E-01  4.7229560E-02  8.8719968E-04
  3.8600000E-01  1.3989793E-01  4.7457567E-02  8.9518651E-04
  3.8500000E-01  1.3991267E-01  4.7686440E-02  9.0324283E-04
  3.8400000E-01  1.3992614E-01  4.7916183E-02  9.1136927E-04
  3.8300000E-01  1.3993832E-01  4.8146798E-02  9.1956644E-04
  3.8200000E-01  1.3994922E-01  4.8378288E-02  9.2783499E-04
  3.8100000E-01  1.3995884E-01  4.8610654E-02  9.3617554E-04
  3.8000000E-01  1.3996715E-01  4.8843900E-02  9.4458875E-04
  3.7900000E-01  1.3997417E-01  4.9078027E-02  9.5307526E-04
  3.7800000E-01  1.3997989E-01  4.9313040E-02  9.6163572E-04
  3.7700000E-01  1.3998430E-01  4.9548939E-02  9.7027081E-04
  3.7600000E-01  1.3998739E-01  4.9785728E-02  9.7898118E-04
  3.7500000E-01  1.3998917E-01  5.0023409E-02  9.8776752E-04
  3.7400000E-01  1.3998964E-01  5.0261985E-02  9.9663051E-04
  3.7300000E-01  1.3998877E-01  5.0501458E-02  1.0055708E-03
  3.7200000E-01  1.3998658E-01  5.0741831E-02  1.0145892E-03
  3.7100000E-01  1.3998305E-01  5.0983106E-02  1.0236863E-03
  3.7000000E-01  1.3997818E-01  5.1225286E-02  1.0328628E-03
  3.6900000E-01  1.3997197E-01  5.1468373E-02  1.0421195E-03
  3.6800000E-01  1.3996441E-01  5.1712370E-02  1.0514570E-03
  3.6700000E-01  1.3995550E-01  5.1957280E-02  1.0608762E-03
  3.6600000E-01  1.3994523E-01  5.2203104E-02  1.0703777E-03
  3.6500000E-01  1.3993360E-01  5.2449846E-02  1.0799623E-03
  3.6400000E-01  1.3992060E-01  5.2697508E-02  1.0896308E-03
  3.6300000E-01  1.3990624E-01  5.2946092E-02  1.0993839E-03
  3.6200000E-01  1.3989049E-01  5.3195602E-02  1.1092223E-03
  3.6100000E-01  1.3987337E-01  5.3446039E-02  1.1191469E-03
  3.6000000E-01  1.3985486E-01  5.3697406E-02  1.1291584E-03
  3.5900000E-01  1.3983496E-01  5.3949706E-02  1.1392576E-03
  3.5800000E-01  1.3981367E-01  5.4202942E-02  1.1494453E-03
  3.5700000E-01  1.3979098E-01  5.4457114E-02  1.1597224E-03
  3.5600000E-01  1.3976688E-01  5.4712227E-02  1.1700896E-03
  3.5500000E-01  1.3974138E-01  5.4968283E-02  1.1805477E-03
  3.5400000E-01  1.3971446E-01  5.5225285E-02  1.1910977E-03
  3.5300000E-01  1.3968612E-01  5.5483234E-02  1.2017402E-03
  3.5200000E-01  1.3965636E-01  5.5742133E-02  1.2124762E-03
  3.5100000E-01  1.3962518E-01  5.6001985E-02  1.2233066E-03
  3.5000000E-01  1.3959256E-01  5.6262793E-02  1.2342321E-03
  3.4900000E-01  1.3955850E-01  5.6524558E-02  1.2452537E-03
  3.4800000E-01  1.3952300E-01  5.6787284E-02  1.2563723E-03
  3.4700000E-01  1.3948606E-01  5.7050972E-02  1.2675886E-03
  3.4600000E-01  1.3944766E-01  5.7315626E-02  1.2789037E-03
  3.4500000E-01  1.3940780E-01  5.7581248E-02  1.2903185E-03
  3.4400000E-01  1.3936649E-01  5.7847841E-02  1.3018338E-03
  3.4300000E-01  1.3932371E-01  5.8115406E-02  1.3134505E-03
  3.4200000E-01  1.3927946E-01  5.8383946E-02  1.3251697E-03
  3.4100000E-01  1.3923373E-01  5.8653465E-02  1.3369923E-03
  3.4000000E-01  1.3918652E-01  5.8923964E-02  1.3489192E-03
  3.3900000E-01  1.3913782E-01  5.9195445E-02  1.3609514E-03
  3.3800000E-01  1.3908763E-01  5.9467912E-02  1.3730898E-03
  3.3700000E-01  1.3903595E-01  5.9741366E-02  1.3853355E-03
  3.3600000E-01  1.3898277E-01  6.0015811E-02  1.3976894E-03
  3.3500000E-01  1.3892808E-01  6.0291248E-02  1.4101525E-03
  3.3400000E-01  1.3887188E-01  6.0567681E-02  1.4227259E-03
  3.3300000E-01  1.3881417E-01  6.0845111E-02  1.4354106E-03
  3.3200000E-01  1.3875493E-01  6.1123541E-02  1.4482076E-03
  3.3100000E-01  1.3869417E-01  6.1402974E-02  1.4611180E-03
  3.3000000E-01  1.3863188E-01  6.1683411E-02  1.4741428E-03
  3.2900000E-01  1.3856805E-01  6.1964855E-02  1.4872831E-03
  3.2800000E-01  1.3850269E-01  6.2247310E-02  1.5005400E-03
  3.2700000E-01  1.3843577E-01  6.2530776E-02  1.5139145E-03
  3.2600000E-01  1.3836731E-01  6.2815257E-02  1.5274078E-03
  3.2500000E-01  1.3829729E-01  6.3100755E-02  1.5410210E-03
  3.2400000E-01  1.3822571E-01  6.3387272E-02  1.5547552E-03
  3.2300000E-01  1.3815257E-01  6.3674811E-02  1.5686115E-03
  3.2200000E-01  1.3807785E-01  6.3963374E-02  1.5825911E-03
  3.2100000E-01  1.3800156E-01  6.4252963E-02  1.5966952E-03
  3.2000000E-01  1.3792368E-01  6.4543581E-02  1.6109249E-03
  3.1900000E-01  1.3784422E-01  6.4835230E-02  1.6252814E-03
  3.1800000E-01  1.3776317E-01  6.5127912E-02  1.6397659E-03
  3.1700000E-01  1.3768053E-01  6.5421631E-02  1.6543796E-03
  3.1600000E-01  1.3759628E-01  6.5716387E-02  1.6691238E-03
  3.1500000E-01  1.3751042E-01  6.6012184E-02  1.6839996E-03
  3.1400000E-01  1.3742296E-01  6.6309023E-02  1.6990084E-03
  3.1300000E-01  1.3733387E-01  6.6606908E-02  1.7141513E-03
  3.1200000E-01  1.3724316E-01  6.6905839E-02  1.7294298E-03
  3.1100000E-01  1.3715083E-01  6.7205820E-02  1.7448449E-03
  3.1000000E-01  1.3705687E-01  6.7506853E-02  1.7603982E-03
  3.0900000E-01  1.3696126E-01  6.7808940E-02  1.7760908E-03
  3.0800000E-01  1.3686402E-01  6.8112084E-02  1.7919241E-03
  3.0700000E-01  1.3676512E-01  6.8416285E-02  1.8078994E-03
  3.0600000E-01  1.3666457E-01  6.8721548E-02  1.8240182E-03
  3.0500000E-01  1.3656237E-01  6.9027873E-02  1.8402818E-03
  3.0400000E-01  1.3645850E-01  6.9335263E-02  1.8566915E-03
  3.0300000E-01  1.3635296E-01  6.9643721E-02  1.8732488E-03
  3.0200000E-01  1.3624574E-01  6.9953248E-02  1.8899551E-03
  3.0100000E-01  1.3613685E-01  7.0263846E-02  1.9068118E-03
  3.0000000E-01  1.3602628E-01  7.0575518E-02  1.9238204E-03
  2.9900000E-01  1.3591401E-01  7.0888266E-02  1.9409824E-03
  2.9800000E-01  1.3580005E-01  7.1202092E-02  1.9582991E-03
  2.9700000E-01  1.3568438E-01  7.1516997E-02  1.9757723E-03
  2.9600000E-01  1.3556702E-01  7.1832985E-02  1.9934032E-03
  2.9500000E-01  1.3544794E-01  7.2150056E-02  2.0111935E-03
  2.9400000E-01  1.3532714E-01  7.2468214E-02  2.0291448E-03
  2.9300000E-01  1.3520462E-01  7.2787460E-02  2.0472585E-03
  2.9200000E-01  1.3508038E-01  7.3107795E-02  2.0655362E-03
  2.9100000E-01  1.3495440E-01  7.3429223E-02  2.0839797E-03
  2.9000000E-01  1.3482669E-01  7.3751745E-02  2.1025904E-03
  2.8900000E-01  1.3469723E-01  7.4075363E-02  2.1213700E-03
  2.8800000E-01  1.3456603E-01  7.4400078E-02  2.1403202E-03
  2.8700000E-01  1.3443307E-01  7.4725894E-02  2.1594427E-03
  2.8600000E-01  1.3429835E-01  7.5052811E-02  2.1787390E-03
  2.8500000E-01  1.3416187E-01  7.5380831E-02  2.1982110E-03
  2.8400000E-01  1.3402362E-01  7.5709957E-02  2.2178604E-03
  2.8300000E-01  1.3388360E-01  7.6040191E-02  2.2376889E-03
  2.8200000E-01  1.3374179E-01  7.6371533E-02  2.2576982E-03
  2.8100000E-01  1.3359820E-01  7.6703985E-02  2.2778902E-03
  2.8000000E-01  1.3345282E-01  7.7037551E-02  2.2982667E-03
  2.7900000E-01  1.3330564E-01  7.7372230E-02  2.3188294E-03
  2.7800000E-01  1.3315667E-01  7.7708026E-02  2.3395803E-03
  2.7700000E-01  1.3300588E-01  7.8044939E-02  2.3605212E-03
  2.7600000E-01  1.3285328E-01  7.8382971E-02  2.3816540E-03
  2.7500000E-01  1.3269887E-01  7.8722124E-02  2.4029805E-03
  2.7400000E-01  1.3254263E-01  7.9062400E-02  2.4245029E-03
  2.7300000E-01  1.3238456E-01  7.9403800E-02  2.4462229E-03
  2.7200000E-01  1.3222466E-01  7.9746325E-02  2.4681426E-03
  2.7100000E-01  1.3206292E-01  8.0089978E-02  2.4902639E-03
  2.7000000E-01  1.3189934E-01  8.0434759E-02  2.5125889E-03
  2.6900000E-01  1.3173391E-01  8.0780670E-02  2.5351196E-03
  2.6800000E-01  1.3156662E-01  8.1127713E-02  2.5578582E-03
  2.6700000E-01  1.3139747E-01  8.1475889E-02  2.5808066E-03
  2.6600000E-01  1.3122646E-01  8.1825199E-02  2.6039671E-03
  2.6500000E-01  1.3105357E-01  8.2175645E-02  2.6273416E-03
  2.6400000E-01  1.3087881E-01  8.2527228E-02  2.6509325E-03
  2.6300000E-01  1.3070217E-01  8.2879949E-02  2.6747419E-03
  2.6200000E-01  1.3052363E-01  8.3233809E-02  2.6987720E-03
  2.6100000E-01  1.3034321E-01  8.3588810E-02  2.7230251E-03
  2.6000000E-01  1.3016089E-01  8.3944953E-02  2.7475034E-03
  2.5900000E-01  1.2997667E-01  8.4302240E-02  2.7722092E-03
  2.5800000E-01  1.2979053E-01  8.4660670E-02  2.7971448E-03
  2.5700000E-01  1.2960249E-01  8.5020245E-02  2.8223126E-03
  2.5600000E-01  1.2941252E-01  8.5380967E-02  2.8477150E-03
  2.5500000E-01  1.2922063E-01  8.5742836E-02  2.8733544E-03
  2.5400000E-01  1.2902681E-01  8.6105853E-02  2.8992332E-03
  2.5300000E-01  1.2883105E-01  8.6470020E-02  2.9253538E-03
  2.5200000E-01  1.2863335E-01  8.6835336E-02  2.9517188E-03
  2.5100000E-01  1.2843371E-01  8.7201803E-02  2.9783307E-03
  2.5000000E-01  1.2823212E-01  8.7569422E-02  3.0051920E-03
  2.4900000E-01  1.2802857E-01  8.7938193E-02  3.0323053E-03
  2.4800000E-01  1.2782306E-01  8.8308117E-02  3.0596732E-03
  2.4700000E-01  1.2761558E-01  8.8679195E-02  3.0872984E-03
  2.4600000E-01  1.2740612E-01  8.9051427E-02  3.1151835E-03
  2.4500000E-01  1.2719470E-01  8.9424814E-02  3.1433313E-03
  2.4400000E-01  1.2698128E-01  8.9799357E-02  3.1717444E-03
  2.4300000E-01  1.2676588E-01  9.0175055E-02  3.2004257E-03
  2.4200000E-01  1.2654849E-01  9.0551910E-02  3.2293780E-03
  2.4100000E-01  1.2632910E-01  9.0929922E-02  3.2586041E-03
  2.4000000E-01  1.2610770E-01  9.1309090E-02  3.2881069E-03
  2.3900000E-01  1.2588430E-01  9.1689416E-02  3.3178893E-03
  2.3800000E-01  1.2565888E-01  9.2070899E-02  3.3479542E-03
  2.3700000E-01  1.2543144E-01  9.2453540E-02  3.3783047E-03
  2.3600000E-01  1.2520197E-01  9.2837339E-02  3.4089437E-03
  2.3500000E-01  1.2497048E-01  9.3222296E-02  3.4398743E-03
  2.3400000E-01  1.2473695E-01  9.3608411E-02  3.4710996E-03
  2.3300000E-01  1.2450138E-01  9.3995683E-02  3.5026227E-03
  2.3200000E-01  1.2426377E-01  9.4384113E-02  3.5344469E-03
  2.3100000E-01  1.2402411E-01  9.4773701E-02  3.5665753E-03
  2.3000000E-01  1.2378239E-01  9.5164445E-02  3.5990111E-03
  2.2900000E-01  1.2353861E-01  9.5556347E-02  3.6317578E-03
  2.2800000E-01  1.2329276E-01  9.5949405E-02  3.6648185E-03
  2.2700000E-01  1.2304485E-01  9.6343620E-02  3.6981967E-03
  2.2600000E-01  1.2279485E-01  9.6738990E-02  3.7318958E-03
  2.2500000E-01  1.2254278E-01  9.7135515E-02  3.7659193E-03
  2.2400000E-01  1.2228862E-01  9.7533194E-02  3.8002707E-03
  2.2300000E-01  1.2203237E-01  9.7932027E-02  3.8349535E-03
  2.2200000E-01  1.2177403E-01  9.8332014E-02  3.8699713E-03
  2.2100000E-01  1.2151358E-01  9.8733152E-02  3.9053278E-03
  2.2000000E-01  1.2125103E-01  9.9135441E-02  3.9410266E-03
  2.1900000E-01  1.2098637E-01  9.9538880E-02  3.9770715E-03
  2.1800000E-01  1.2071960E-01  9.9943469E-02  4.0134663E-03
  2.1700000E-01  1.2045070E-01  1.0034921E-01  4.0502149E-03
  2.1600000E-01  1.2017968E-01  1.0075609E-01  4.0873210E-03
  2.1500000E-01  1.1990653E-01  1.0116412E-01  4.1247887E-03
  2.1400000E-01  1.1963125E-01  1.0157329E-01  4.1626218E-03
  2.1300000E-01  1.1935382E-01  1.0198360E-01  4.2008246E-03
  2.1200000E-01  1.1907425E-01  1.0239506E-01  4.2394010E-03
  2.1100000E-01  1.1879254E-01  1.0280765E-01  4.2783552E-03
  2.1000000E-01  1.1850867E-01  1.0322139E-01  4.3176914E-03
  2.0900000E-01  1.1822264E-01  1.0363625E-01  4.3574138E-03
  2.0800000E-01  1.1793445E-01  1.0405225E-01  4.3975269E-03
  2.0700000E-01  1.1764409E-01  1.0446939E-01  4.4380348E-03
  2.0600000E-01  1.1735156E-01  1.0488765E-01  4.4789422E-03
  2.0500000E-01  1.1705686E-01  1.0530704E-01  4.5202533E-03
  2.0400000E-01  1.1675997E-01  1.0572755E-01  4.5619729E-03
  2.0300000E-01  1.1646090E-01  1.0614919E-01  4.6041055E-03
  2.0200000E-01  1.1615965E-01  1.0657195E-01  4.6466558E-03
  2.0100000E-01  1.1585619E-01  1.0699582E-01  4.6896284E-03
  2.0000000E-01  1.1555054E-01  1.0742081E-01  4.7330283E-03
  1.9900000E-01  1.1524269E-01  1.0784691E-01  4.7768603E-03
  1.9800000E-01  1.1493263E-01  1.0827412E-01  4.8211293E-03
  1.9700000E-01  1.1462036E-01  1.0870243E-01  4.8658403E-03
  1.9600000E-01  1.1430587E-01  1.0913185E-01  4.9109983E-03
  1.9500000E-01  1.1398917E-01  1.0956236E-01  4.9566085E-03
  1.9400000E-01  1.1367024E-01  1.0999397E-01  5.0026762E-03
  1.9300000E-01  1.1334909E-01  1.1042667E-01  5.0492066E-03
  1.9200000E-01  1.1302571E-01  1.1086046E-01  5.0962049E-03
  1.9100000E-01  1.1270009E-01  1.1129534E-01  5.1436768E-03
  1.9000000E-01  1.1237223E-01  1.1173129E-01  5.1916276E-03
  1.8900000E-01  1.1204213E-01  1.1216833E-01  5.2400630E-03
  1.8800000E-01  1.1170978E-01  1.1260643E-01  5.2889886E-03
  1.8700000E-01  1.1137518E-01  1.1304560E-01  5.3384101E-03
  1.8600000E-01  1.1103833E-01  1.1348583E-01  5.3883334E-03
  1.8500000E-01  1.1069922E-01  1.1392713E-01  5.4387644E-03
  1.8400000E-01  1.1035786E-01  1.1436947E-01  5.4897090E-03
  1.8300000E-01  1.1001422E-01  1.1481287E-01  5.5411733E-03
  1.8200000E-01  1.0966832E-01  1.1525730E-01  5.5931635E-03
  1.8100000E-01  1.0932015E-01  1.1570278E-01  5.6456859E-03
  1.8000000E-01  1.0896970E-01  1.1614929E-01  5.6987467E-03
  1.7900000E-01  1.0861698E-01  1.1659683E-01  5.7523524E-03
  1.7800000E-01  1.0826197E-01  1.1704538E-01  5.8065095E-03
  1.7700000E-01  1.0790469E-01  1.1749495E-01  5.8612247E-03
  1.7600000E-01  1.0754511E-01  1.1794554E-01  5.9165046E-03
  1.7500000E-01  1.0718325E-01  1.1839712E-01  5.9723560E-03
  1.7400000E-01  1.0681909E-01  1.1884970E-01  6.0287859E-03
  1.7300000E-01  1.0645264E-01  1.1930327E-01  6.0858013E-03
  1.7200000E-01  1.0608388E-01  1.1975783E-01  6.1434094E-03
  1.7100000E-01  1.0571283E-01  1.2021335E-01  6.2016172E-03
  1.7000000E-01  1.0533948E-01  1.2066985E-01  6.2604322E-03
  1.6900000E-01  1.0496382E-01  1.2112731E-01  6.3198618E-03
  1.6800000E-01  1.0458585E-01  1.2158572E-01  6.3799135E-03
  1.6700000E-01  1.0420557E-01  1.2204508E-01  6.4405950E-03
  1.6600000E-01  1.0382297E-01  1.2250538E-01  6.5019142E-03
  1.6500000E-01  1.0343807E-01  1.2296660E-01  6.5638788E-03
  1.6400000E-01  1.0305084E-01  1.2342875E-01  6.6264969E-03
  1.6300000E-01  1.0266130E-01  1.2389180E-01  6.6897767E-03
  1.6200000E-01  1.0226944E-01  1.2435576E-01  6.7537265E-03
  1.6100000E-01  1.0187525E-01  1.2482062E-01  6.8183545E-03
  1.6000000E-01  1.0147874E-01  1.2528636E-01  6.8836694E-03
  1.5900000E-01  1.0107991E-01  1.2575297E-01  6.9496798E-03
  1.5800000E-01  1.0067874E-01  1.2622045E-01  7.0163944E-03
  1.5700000E-01  1.0027525E-01  1.2668878E-01  7.0838223E-03
  1.5600000E-01  9.9869436E-02  1.2715796E-01  7.1519724E-03
  1.5500000E-01  9.9461287E-02  1.2762797E-01  7.2208540E-03
  1.5400000E-01  9.9050807E-02  1.2809880E-01  7.2904765E-03
  1.5300000E-01  9.8637994E-02  1.2857044E-01  7.3608493E-03
  1.5200000E-01  9.8222850E-02  1.2904289E-01  7.4319820E-03
  1.5100000E-01  9.7805372E-02  1.2951612E-01  7.5038846E-03
  1.5000000E-01  9.7385560E-02  1.2999012E-01  7.5765669E-03
  1.4900000E-01  9.6963415E-02  1.3046489E-01  7.6500391E-03
  1.4800000E-01  9.6538936E-02  1.3094041E-01  7.7243114E-03
  1.4700000E-01  9.6112122E-02  1.3141667E-01  7.7993943E-03
  1.4600000E-01  9.5682975E-02  1.3189365E-01  7.8752985E-03
  1.4500000E-01  9.5251495E-02  1.3237134E-01  7.9520347E-03
  1.4400000E-01  9.4817682E-02  1.3284972E-01  8.0296138E-03
  1.4300000E-01  9.4381536E-02  1.3332879E-01  8.1080471E-03
  1.4200000E-01  9.3943058E-02  1.3380852E-01  8.1873459E-03
  1.4100000E-01  9.3502250E-02  1.3428891E-01  8.2675216E-03
  1.4000000E-01  9.3059113E-02  1.3476993E-01  8.3485860E-03
  1.3900000E-01  9.2613648E-02  1.3525158E-01  8.4305510E-03
  1.3800000E-01  9.2165855E-02  1.3573382E-01  8.5134287E-03
  1.3700000E-01  9.1715738E-02  1.3621666E-01  8.5972314E-03
  1.3600000E-01  9.1263298E-02  1.3670006E-01  8.6819716E-03
  1.3500000E-01  9.0808536E-02  1.3718402E-01  8.7676620E-03
  1.3400000E-01  9.0351456E-02  1.3766851E-01  8.8543156E-03
  1.3300000E-01  8.9892060E-02  1.3815352E-01  8.9419455E-03
  1.3200000E-01  8.9430349E-02  1.3863903E-01  9.0305651E-03
  1.3100000E-01  8.8966328E-02  1.3912502E-01  9.1201880E-03
  1.3000000E-01  8.8500000E-02  1.3961147E-01  9.2108280E-03
  1.2900000E-01  8.8031367E-02  1.4009835E-01  9.3024993E-03
  1.2800000E-01  8.7560433E-02  1.4058566E-01  9.3952162E-03
  1.2700000E-01  8.7087202E-02  1.4107336E-01  9.4889932E-03
  1.2600000E-01  8.6611678E-02  1.4156144E-01  9.5838452E-03
  1.2500000E-01  8.6133865E-02  1.4204987E-01  9.6797873E-03
  1.2400000E-01  8.5653769E-02  1.4253863E-01  9.7768347E-03
  1.2300000E-01  8.5171393E-02  1.4302770E-01  9.8750033E-03
  1.2200000E-01  8.4686743E-02  1.4351706E-01  9.9743088E-03
  1.2100000E-01  8.4199824E-02  1.4400667E-01  1.0074767E-02
  1.2000000E-01  8.3710641E-02  1.4449652E-01  1.0176396E-02
  1.1900000E-01  8.3219202E-02  1.4498659E-01  1.0279210E-02
  1.1800000E-01  8.2725511E-02  1.4547683E-01  1.0383228E-02
  1.1700000E-01  8.2229576E-02  1.4596723E-01  1.0488467E-02
  1.1600000E-01  8.1731403E-02  1.4645777E-01  1.0594945E-02
  1.1500000E-01  8.1231000E-02  1.4694840E-01  1.0702679E-02
  1.1400000E-01  8.0728373E-02  1.4743911E-01  1.0811688E-02
  1.1300000E-01  8.0223532E-02  1.4792986E-01  1.0921990E-02
  1.1200000E-01  7.9716484E-02  1.4842063E-01  1.1033605E-02
  1.1100000E-01  7.9207237E-02  1.4891138E-01  1.1146552E-02
  1.1000000E-01  7.8695801E-02  1.4940209E-01  1.1260851E-02
  1.0900000E-01  7.8182185E-02  1.4989271E-01  1.1376521E-02
  1.0800000E-01  7.7666398E-02  1.5038322E-01  1.1493584E-02
  1.0700000E-01  7.7148452E-02  1.5087359E-01  1.1612060E-02
  1.0600000E-01  7.6628355E-02  1.5136377E-01  1.1731971E-02
  1.0500000E-01  7.6106120E-02  1.5185374E-01  1.1853337E-02
  1.0400000E-01  7.5581757E-02  1.5234346E-01  1.1976182E-02
  1.0300000E-01  7.5055278E-02  1.5283288E-01  1.2100527E-02
  1.0200000E-01  7.4526696E-02  1.5332198E-01  1.2226396E-02
  1.0100000E-01  7.3996024E-02  1.5381072E-01  1.2353811E-02
  1.0000000E-01  7.3463274E-02  1.5429905E-01  1.2482797E-02
  9.9000000E-02  7.2928461E-02  1.5478693E-01  1.2613378E-02
  9.8000000E-02  7.2391598E-02  1.5527433E-01  1.2745579E-02
  9.7000000E-02  7.1852700E-02  1.5576119E-01  1.2879425E-02
  9.6000000E-02  7.1311784E-02  1.5624749E-01  1.3014941E-02
  9.5000000E-02  7.0768863E-02  1.5673316E-01  1.3152154E-02
  9.4000000E-02  7.0223956E-02  1.5721817E-01  1.3291090E-02
  9.3000000E-02  6.9677079E-02  1.5770247E-01  1.3431777E-02
  9.2000000E-02  6.9128250E-02  1.5818601E-01  1.3574242E-02
  9.1000000E-02  6.8577486E-02  1.5866874E-01  1.3718514E-02
  9.0000000E-02  6.8024808E-02  1.5915062E-01  1.3864621E-02
  8.9000000E-02  6.7470233E-02  1.5963158E-01  1.4012594E-02
  8.8000000E-02  6.6913784E-02  1.6011159E-01  1.4162462E-02
  8.7000000E-02  6.6355480E-02  1.6059057E-01  1.4314255E-02
  8.6000000E-02  6.5795343E-02  1.6106849E-01  1.4468005E-02
  8.5000000E-02  6.5233396E-02  1.6154527E-01  1.4623744E-02
  8.4000000E-02  6.4669662E-02  1.6202087E-01  1.4781505E-02
  8.3000000E-02  6.4104165E-02  1.6249523E-01  1.4941320E-02
  8.2000000E-02  6.3536929E-02  1.6296827E-01  1.5103223E-02
  8.1000000E-02  6.2967980E-02  1.6343995E-01  1.5267249E-02
  8.0000000E-02  6.2397345E-02  1.6391020E-01  1.5433433E-02
  7.9000000E-02  6.1825051E-02  1.6437895E-01  1.5601812E-02
  7.8000000E-02  6.1251126E-02  1.6484613E-01  1.5772421E-02
  7.7000000E-02  6.0675599E-02  1.6531168E-01  1.5945298E-02
  7.6000000E-02  6.0098500E-02  1.6577552E-01  1.6120481E-02
  7.5000000E-02  5.9519861E-02  1.6623759E-01  1.6298009E-02
  7.4000000E-02  5.8939714E-02  1.6669781E-01  1.6477923E-02
  7.3000000E-02  5.8358092E-02  1.6715610E-01  1.6660262E-02
  7.2000000E-02  5.7775028E-02  1.6761239E-01  1.6845068E-02
  7.1000000E-02  5.7190559E-02  1.6806660E-01  1.7032383E-02
  7.0000000E-02  5.6604721E-02  1.6851865E-01  1.7222251E-02
  6.9000000E-02  5.6017552E-02  1.6896844E-01  1.7414715E-02
  6.8000000E-02  5.5429090E-02  1.6941591E-01  1.7609820E-02
  6.7000000E-02  5.4839376E-02  1.6986095E-01  1.7807612E-02
  6.6000000E-02  5.4248452E-02  1.7030349E-01  1.8008138E-02
  6.5000000E-02  5.3656360E-02  1.7074342E-01  1.8211445E-02
  6.4000000E-02  5.3063144E-02  1.7118066E-01  1.8417583E-02
  6.3000000E-02  5.2468850E-02  1.7161511E-01  1.8626600E-02
  6.2000000E-02  5.1873525E-02  1.7204667E-01  1.8838548E-02
  6.1000000E-02  5.1277217E-02  1.7247524E-01  1.9053479E-02
  6.0000000E-02  5.0679977E-02  1.7290071E-01  1.9271444E-02
  5.9000000E-02  5.0081857E-02  1.7332298E-01  1.9492498E-02
  5.8000000E-02  4.9482909E-02  1.7374195E-01  1.9716696E-02
  5.7000000E-02  4.8883190E-02  1.7415749E-01  1.9944093E-02
  5.6000000E-02  4.8282754E-02  1.7456950E-01  2.0174747E-02
  5.5000000E-02  4.7681662E-02  1.7497786E-01  2.0408716E-02
  5.4000000E-02  4.7079974E-02  1.7538245E-01  2.0646060E-02
  5.3000000E-02  4.6477751E-02  1.7578314E-01  2.0886838E-02
  5.2000000E-02  4.5875059E-02  1.7617981E-01  2.1131113E-02
  5.1000000E-02  4.5271963E-02  1.7657234E-01  2.1378947E-02
  5.0000000E-02  4.4668532E-02  1.7696060E-01  2.1630404E-02
  4.9000000E-02  4.4064837E-02  1.7734443E-01  2.1885550E-02
  4.8000000E-02  4.3460949E-02  1.7772372E-01  2.2144452E-02
  4.7000000E-02  4.2856945E-02  1.7809832E-01  2.2407175E-02
  4.6000000E-02  4.2252901E-02  1.7846809E-01  2.2673791E-02
  4.5000000E-02  4.1648897E-02  1.7883287E-01  2.2944367E-02
  4.4000000E-02  4.1045015E-02  1.7919252E-01  2.3218977E-02
  4.3000000E-02  4.0441340E-02  1.7954688E-01  2.3497692E-02
  4.2000000E-02  3.9837960E-02  1.7989580E-01  2.3780586E-02
  4.1000000E-02  3.9234963E-02  1.8023911E-01  2.4067733E-02
  4.0000000E-02  3.8632443E-02  1.8057665E-01  2.4359210E-02
  3.9000000E-02  3.8030494E-02  1.8090826E-01  2.4655095E-02
  3.8000000E-02  3.7429216E-02  1.8123376E-01  2.4955464E-02
  3.7000000E-02  3.6828710E-02  1.8155297E-01  2.5260398E-02
  3.6000000E-02  3.6229079E-02  1.8186572E-01  2.5569977E-02
  3.5000000E-02  3.5630431E-02  1.8217182E-01  2.5884282E-02
  3.4000000E-02  3.5032876E-02  1.8247110E-01  2.6203397E-02
  3.3000000E-02  3.4436528E-02  1.8276335E-01  2.6527403E-02
  3.2000000E-02  3.3841504E-02  1.8304839E-01  2.6856386E-02
  3.1000000E-02  3.3247924E-02  1.8332602E-01  2.7190430E-02
  3.0000000E-02  3.2655911E-02  1.8359604E-01  2.7529621E-02
  2.9000000E-02  3.2065593E-02  1.8385825E-01  2.7874046E-02
  2.8000000E-02  3.1477099E-02  1.8411244E-01  2.8223790E-02
  2.7000000E-02  3.0890565E-02  1.8435840E-01  2.8578942E-02
  2.6000000E-02  3.0306128E-02  1.8459592E-01  2.8939588E-02
  2.5000000E-02  2.9723928E-02  1.8482478E-01  2.9305816E-02
  2.4000000E-02  2.9144112E-02  1.8504477E-01  2.9677714E-02
  2.3000000E-02  2.8566826E-02  1.8525567E-01  3.0055370E-02
  2.2000000E-02  2.7992225E-02  1.8545725E-01  3.0438869E-02
  2.1000000E-02  2.7420463E-02  1.8564928E-01  3.0828299E-02
  2.0000000E-02  2.6851700E-02  1.8583154E-01  3.1223744E-02
  1.9000000E-02  2.6286100E-02  1.8600381E-01  3.1625291E-02
  1.8000000E-02  2.5723830E-02  1.8616585E-01  3.2033021E-02
  1.7000000E-02  2.5165060E-02  1.8631743E-01  3.2447017E-02
  1.6000000E-02  2.4609964E-02  1.8645833E-01  3.2867358E-02
  1.5000000E-02  2.4058719E-02  1.8658831E-01  3.3294122E-02
  1.4000000E-02  2.3511508E-02  1.8670714E-01  3.3727384E-02
  1.3000000E-02  2.2968513E-02  1.8681459E-01  3.4167216E-02
  1.2000000E-02  2.2429922E-02  1.8691045E-01  3.4613687E-02
  1.1000000E-02  2.1895926E-02  1.8699448E-01  3.5066862E-02
  1.0000000E-02  2.1366716E-02  1.8706646E-01  3.5526802E-02
  9.0000000E-03  2.0842489E-02  1.8712618E-01  3.5993563E-02
  8.0000000E-03  2.0323442E-02  1.8717342E-01  3.6467195E-02
  7.0000000E-03  1.9809774E-02  1.8720799E-01  3.6947745E-02
  6.0000000E-03  1.9301688E-02  1.8722967E-01  3.7435252E-02
  5.0000000E-03  1.8799386E-02  1.8723828E-01  3.7929746E-02
  4.0000000E-03  1.8303071E-02  1.8723363E-01  3.8431254E-02
  3.0000000E-03  1.7812948E-02  1.8721555E-01  3.8939792E-02
  2.0000000E-03  1.7329222E-02  1.8718387E-01  3.9455368E-02
  1.0000000E-03  1.6852095E-02  1.8713845E-01  3.9977981E-02
 -8.8123953E-16  1.6381772E-02  1.8707915E-01  4.0507621E-02
