  1.0000000E+00  0.0000000E+00  0.0000000E+00  0.0000000E+00
  9.9900000E-01  3.3332592E-04  5.5622288E-09  6.1876257E-13
  9.9800000E-01  6.6663696E-04  2.2275660E-08  4.9619702E-12
  9.9700000E-01  9.9993306E-04  5.0180530E-08  1.6786838E-11
  9.9600000E-01  1.3332142E-03  8.9317232E-08  3.9886599E-11
  9.9500000E-01  1.6664802E-03  1.3972632E-07  7.8090797E-11
  9.9400000E-01  1.9997312E-03  2.0144850E-07  1.3526559E-10
  9.9300000E-01  2.3329669E-03  2.7452465E-07  2.1531403E-10
  9.9200000E-01  2.6661875E-03  3.5899580E-07  3.2217641E-10
  9.9100000E-01  2.9993927E-03  4.5490315E-07  4.5983053E-10
  9.9000000E-01  3.3325826E-03  5.6228805E-07  6.3229200E-10
  9.8900000E-01  3.6657570E-03  6.8119203E-07  8.4361460E-10
  9.8800000E-01  3.9989160E-03  8.1165675E-07  1.0978905E-09
  9.8700000E-01  4.3320594E-03  9.5372409E-07  1.3992508E-09
  9.8600000E-01  4.6651872E-03  1.1074360E-06  1.7518655E-09
  9.8500000E-01  4.9982993E-03  1.2728348E-06  2.1599440E-09
  9.8400000E-01  5.3313957E-03  1.4499627E-06  2.6277357E-09
  9.8300000E-01  5.6644763E-03  1.6388622E-06  3.1595297E-09
  9.8200000E-01  5.9975410E-03  1.8395761E-06  3.7596557E-09
  9.8100000E-01  6.3305897E-03  2.0521472E-06  4.4324841E-09
  9.8000000E-01  6.6636225E-03  2.2766185E-06  5.1824263E-09
  9.7900000E-01  6.9966393E-03  2.5130332E-06  6.0139352E-09
  9.7800000E-01  7.3296399E-03  2.7614346E-06  6.9315053E-09
  9.7700000E-01  7.6626243E-03  3.0218664E-06  7.9396733E-09
  9.7600000E-01  7.9955924E-03  3.2943721E-06  9.0430182E-09
  9.7500000E-01  8.3285443E-03  3.5789958E-06  1.0246162E-08
  9.7400000E-01  8.6614797E-03  3.8757814E-06  1.1553769E-08
  9.7300000E-01  8.9943987E-03  4.1847732E-06  1.2970549E-08
  9.7200000E-01  9.3273011E-03  4.5060155E-06  1.4501253E-08
  9.7100000E-01  9.6601870E-03  4.8395531E-06  1.6150678E-08
  9.7000000E-01  9.9930562E-03  5.1854306E-06  1.7923665E-08
  9.6900000E-01  1.0325909E-02  5.5436929E-06  1.9825099E-08
  9.6800000E-01  1.0658744E-02  5.9143852E-06  2.1859913E-08
  9.6700000E-01  1.0991563E-02  6.2975529E-06  2.4033084E-08
  9.6600000E-01  1.1324365E-02  6.6932413E-06  2.6349633E-08
  9.6500000E-01  1.1657150E-02  7.1014961E-06  2.8814632E-08
  9.6400000E-01  1.1989918E-02  7.5223633E-06  3.1433195E-08
  9.6300000E-01  1.2322668E-02  7.9558887E-06  3.4210486E-08
  9.6200000E-01  1.2655402E-02  8.4021187E-06  3.7151718E-08
  9.6100000E-01  1.2988118E-02  8.8610997E-06  4.0262147E-08
  9.6000000E-01  1.3320817E-02  9.3328781E-06  4.3547083E-08
  9.5900000E-01  1.3653498E-02  9.8175008E-06  4.7011881E-08
  9.5800000E-01  1.3986162E-02  1.0315015E-05  5.0661946E-08
  9.5700000E-01  1.4318809E-02  1.0825467E-05  5.4502734E-08
  9.5600000E-01  1.4651437E-02  1.1348905E-05  5.8539750E-08
  9.5500000E-01  1.4984048E-02  1.1885377E-05  6.2778549E-08
  9.5400000E-01  1.5316641E-02  1.2434929E-05  6.7224737E-08
  9.5300000E-01  1.5649217E-02  1.2997610E-05  7.1883972E-08
  9.5200000E-01  1.5981774E-02  1.3573468E-05  7.6761963E-08
  9.5100000E-01  1.6314313E-02  1.4162552E-05  8.1864471E-08
  9.5000000E-01  1.6646835E-02  1.4764909E-05  8.7197311E-08
  9.4900000E-01  1.6979338E-02  1.5380589E-05  9.2766348E-08
  9.4800000E-01  1.7311823E-02  1.6009640E-05  9.8577504E-08
  9.4700000E-01  1.7644289E-02  1.6652112E-05  1.0463675E-07
  9.4600000E-01  1.7976738E-02  1.7308053E-05  1.1095012E-07
  9.4500000E-01  1.8309167E-02  1.7977514E-05  1.1752369E-07
  9.4400000E-01  1.8641579E-02  1.8660543E-05  1.2436361E-07
  9.4300000E-01  1.8973971E-02  1.9357192E-05  1.3147606E-07
  9.4200000E-01  1.9306345E-02  2.0067509E-05  1.3886730E-07
  9.4100000E-01  1.9638700E-02  2.0791545E-05  1.4654363E-07
  9.4000000E-01  1.9971037E-02  2.1529351E-05  1.5451141E-07
  9.3900000E-01  2.0303354E-02  2.2280977E-05  1.6277708E-07
  9.3800000E-01  2.0635652E-02  2.3046475E-05  1.7134710E-07
  9.3700000E-01  2.0967932E-02  2.3825895E-05  1.8022802E-07
  9.3600000E-01  2.1300192E-02  2.4619288E-05  1.8942643E-07
  9.3500000E-01  2.1632433E-02  2.5426707E-05  1.9894899E-07
  9.3400000E-01  2.1964654E-02  2.6248203E-05  2.0880242E-07
  9.3300000E-01  2.2296857E-02  2.7083827E-05  2.1899348E-07
  9.3200000E-01  2.2629039E-02  2.7933633E-05  2.2952903E-07
  9.3100000E-01  2.2961202E-02  2.8797672E-05  2.4041595E-07
  9.3000000E-01  2.3293346E-02  2.9675997E-05  2.5166122E-07
  9.2900000E-01  2.3625470E-02  3.0568661E-05  2.6327184E-07
  9.2800000E-01  2.3957574E-02  3.1475717E-05  2.7525492E-07
  9.2700000E-01  2.4289658E-02  3.2397218E-05  2.8761760E-07
  9.2600000E-01  2.4621722E-02  3.3333217E-05  3.0036710E-07
  9.2500000E-01  2.4953766E-02  3.4283769E-05  3.1351069E-07
  9.2400000E-01  2.5285790E-02  3.5248926E-05  3.2705571E-07
  9.2300000E-01  2.5617793E-02  3.6228744E-05  3.4100959E-07
  9.2200000E-01  2.5949777E-02  3.7223276E-05  3.5537979E-07
  9.2100000E-01  2.6281740E-02  3.8232578E-05  3.7017386E-07
  9.2000000E-01  2.6613682E-02  3.9256703E-05  3.8539940E-07
  9.1900000E-01  2.6945604E-02  4.0295707E-05  4.0106411E-07
  9.1800000E-01  2.7277505E-02  4.1349645E-05  4.1717571E-07
  9.1700000E-01  2.7609386E-02  4.2418573E-05  4.3374203E-07
  9.1600000E-01  2.7941245E-02  4.3502546E-05  4.5077096E-07
  9.1500000E-01  2.8273084E-02  4.4601620E-05  4.6827045E-07
  9.1400000E-01  2.8604902E-02  4.5715851E-05  4.8624853E-07
  9.1300000E-01  2.8936698E-02  4.6845297E-05  5.0471329E-07
  9.1200000E-01  2.9268474E-02  4.7990012E-05  5.2367290E-07
  9.1100000E-01  2.9600228E-02  4.9150055E-05  5.4313561E-07
  9.1000000E-01  2.9931961E-02  5.0325481E-05  5.6310974E-07
  9.0900000E-01  3.0263672E-02  5.1516350E-05  5.8360367E-07
  9.0800000E-01  3.0595362E-02  5.2722717E-05  6.0462586E-07
  9.0700000E-01  3.0927030E-02  5.3944641E-05  6.2618486E-07
  9.0600000E-01  3.1258677E-02  5.5182181E-05  6.4828928E-07
  9.0500000E-01  3.1590301E-02  5.6435393E-05  6.7094782E-07
  9.0400000E-01  3.1921904E-02  5.7704337E-05  6.9416924E-07
  9.0300000E-01  3.2253485E-02  5.8989072E-05  7.1796238E-07
  9.0200000E-01  3.2585043E-02  6.0289656E-05  7.4233618E-07
  9.0100000E-01  3.2916580E-02  6.1606148E-05  7.6729962E-07
  9.0000000E-01  3.3248094E-02  6.2938609E-05  7.9286181E-07
  8.9900000E-01  3.3579585E-02  6.4287098E-05  8.1903190E-07
  8.9800000E-01  3.3911055E-02  6.5651675E-05  8.4581913E-07
  8.9700000E-01  3.4242501E-02  6.7032400E-05  8.7323284E-07
  8.9600000E-01  3.4573925E-02  6.8429333E-05  9.0128242E-07
  8.9500000E-01  3.4905327E-02  6.9842536E-05  9.2997737E-07
  8.9400000E-01  3.5236705E-02  7.1272069E-05  9.5932727E-07
  8.9300000E-01  3.5568060E-02  7.2717994E-05  9.8934177E-07
  8.9200000E-01  3.5899393E-02  7.4180372E-05  1.0200306E-06
  8.9100000E-01  3.6230702E-02  7.5659265E-05  1.0514036E-06
  8.9000000E-01  3.6561988E-02  7.7154735E-05  1.0834708E-06
  8.8900000E-01  3.6893250E-02  7.8666844E-05  1.1162420E-06
  8.8800000E-01  3.7224490E-02  8.0195654E-05  1.1497274E-06
  8.8700000E-01  3.7555705E-02  8.1741229E-05  1.1839372E-06
  8.8600000E-01  3.7886897E-02  8.3303632E-05  1.2188817E-06
  8.8500000E-01  3.8218065E-02  8.4882926E-05  1.2545711E-06
  8.8400000E-01  3.8549209E-02  8.6479174E-05  1.2910160E-06
  8.8300000E-01  3.8880330E-02  8.8092441E-05  1.3282269E-06
  8.8200000E-01  3.9211426E-02  8.9722790E-05  1.3662145E-06
  8.8100000E-01  3.9542498E-02  9.1370286E-05  1.4049894E-06
  8.8000000E-01  3.9873546E-02  9.3034993E-05  1.4445625E-06
  8.7900000E-01  4.0204569E-02  9.4716977E-05  1.4849447E-06
  8.7800000E-01  4.0535568E-02  9.6416303E-05  1.5261471E-06
  8.7700000E-01  4.0866542E-02  9.8133036E-05  1.5681807E-06
  8.7600000E-01  4.1197492E-02  9.9867242E-05  1.6110567E-06
  8.7500000E-01  4.1528417E-02  1.0161899E-04  1.6547865E-06
  8.7400000E-01  4.1859317E-02  1.0338834E-04  1.6993815E-06
  8.7300000E-01  4.2190191E-02  1.0517536E-04  1.7448532E-06
  8.7200000E-01  4.2521041E-02  1.0698012E-04  1.7912131E-06
  8.7100000E-01  4.2851866E-02  1.0880269E-04  1.8384730E-06
  8.7000000E-01  4.3182665E-02  1.1064313E-04  1.8866447E-06
  8.6900000E-01  4.3513438E-02  1.1250151E-04  1.9357402E-06
  8.6800000E-01  4.3844187E-02  1.1437790E-04  1.9857713E-06
  8.6700000E-01  4.4174909E-02  1.1627237E-04  2.0367504E-06
  8.6600000E-01  4.4505606E-02  1.1818499E-04  2.0886895E-06
  8.6500000E-01  4.4836276E-02  1.2011582E-04  2.1416011E-06
  8.6400000E-01  4.5166921E-02  1.2206493E-04  2.1954975E-06
  8.6300000E-01  4.5497539E-02  1.2403240E-04  2.2503914E-06
  8.6200000E-01  4.5828132E-02  1.2601829E-04  2.3062954E-06
  8.6100000E-01  4.6158698E-02  1.2802267E-04  2.3632223E-06
  8.6000000E-01  4.6489237E-02  1.3004562E-04  2.4211849E-06
  8.5900000E-01  4.6819750E-02  1.3208721E-04  2.4801963E-06
  8.5800000E-01  4.7150236E-02  1.3414749E-04  2.5402695E-06
  8.5700000E-01  4.7480696E-02  1.3622656E-04  2.6014179E-06
  8.5600000E-01  4.7811128E-02  1.3832448E-04  2.6636547E-06
  8.5500000E-01  4.8141533E-02  1.4044131E-04  2.7269934E-06
  8.5400000E-01  4.8471911E-02  1.4257714E-04  2.7914476E-06
  8.5300000E-01  4.8802262E-02  1.4473203E-04  2.8570310E-06
  8.5200000E-01  4.9132586E-02  1.4690606E-04  2.9237574E-06
  8.5100000E-01  4.9462882E-02  1.4909930E-04  2.9916407E-06
  8.5000000E-01  4.9793150E-02  1.5131183E-04  3.0606950E-06
  8.4900000E-01  5.0123390E-02  1.5354371E-04  3.1309345E-06
  8.4800000E-01  5.0453603E-02  1.5579503E-04  3.2023734E-06
  8.4700000E-01  5.0783787E-02  1.5806585E-04  3.2750263E-06
  8.4600000E-01  5.1113943E-02  1.6035625E-04  3.3489077E-06
  8.4500000E-01  5.1444072E-02  1.6266631E-04  3.4240321E-06
  8.4400000E-01  5.1774171E-02  1.6499611E-04  3.5004146E-06
  8.4300000E-01  5.2104242E-02  1.6734570E-04  3.5780699E-06
  8.4200000E-01  5.2434285E-02  1.6971519E-04  3.6570132E-06
  8.4100000E-01  5.2764298E-02  1.7210463E-04  3.7372597E-06
  8.4000000E-01  5.3094283E-02  1.7451411E-04  3.8188247E-06
  8.3900000E-01  5.3424239E-02  1.7694370E-04  3.9017237E-06
  8.3800000E-01  5.3754165E-02  1.7939348E-04  3.9859722E-06
  8.3700000E-01  5.4084063E-02  1.8186354E-04  4.0715861E-06
  8.3600000E-01  5.4413930E-02  1.8435393E-04  4.1585811E-06
  8.3500000E-01  5.4743769E-02  1.8686476E-04  4.2469734E-06
  8.3400000E-01  5.5073577E-02  1.8939608E-04  4.3367790E-06
  8.3300000E-01  5.5403356E-02  1.9194799E-04  4.4280143E-06
  8.3200000E-01  5.5733105E-02  1.9452056E-04  4.5206956E-06
  8.3100000E-01  5.6062823E-02  1.9711387E-04  4.6148397E-06
  8.3000000E-01  5.6392512E-02  1.9972800E-04  4.7104631E-06
  8.2900000E-01  5.6722170E-02  2.0236304E-04  4.8075828E-06
  8.2800000E-01  5.7051798E-02  2.0501905E-04  4.9062158E-06
  8.2700000E-01  5.7381395E-02  2.0769613E-04  5.0063793E-06
  8.2600000E-01  5.7710961E-02  2.1039436E-04  5.1080905E-06
  8.2500000E-01  5.8040496E-02  2.1311381E-04  5.2113670E-06
  8.2400000E-01  5.8370000E-02  2.1585457E-04  5.3162264E-06
  8.2300000E-01  5.8699473E-02  2.1861672E-04  5.4226863E-06
  8.2200000E-01  5.9028915E-02  2.2140035E-04  5.5307649E-06
  8.2100000E-01  5.9358325E-02  2.2420553E-04  5.6404800E-06
  8.2000000E-01  5.9687704E-02  2.2703236E-04  5.7518501E-06
  8.1900000E-01  6.0017051E-02  2.2988091E-04  5.8648935E-06
  8.1800000E-01  6.0346366E-02  2.3275127E-04  5.9796287E-06
  8.1700000E-01  6.0675649E-02  2.3564353E-04  6.0960745E-06
  8.1600000E-01  6.1004899E-02  2.3855776E-04  6.2142497E-06
  8.1500000E-01  6.1334118E-02  2.4149406E-04  6.3341735E-06
  8.1400000E-01  6.1663304E-02  2.4445251E-04  6.4558650E-06
  8.1300000E-01  6.1992457E-02  2.4743319E-04  6.5793436E-06
  8.1200000E-01  6.2321577E-02  2.5043620E-04  6.7046289E-06
  8.1100000E-01  6.2650665E-02  2.5346162E-04  6.8317406E-06
  8.1000000E-01  6.2979719E-02  2.5650953E-04  6.9606986E-06
  8.0900000E-01  6.3308741E-02  2.5958003E-04  7.0915229E-06
  8.0800000E-01  6.3637729E-02  2.6267321E-04  7.2242339E-06
  8.0700000E-01  6.3966683E-02  2.6578914E-04  7.3588519E-06
  8.0600000E-01  6.4295604E-02  2.6892793E-04  7.4953976E-06
  8.0500000E-01  6.4624491E-02  2.7208966E-04  7.6338916E-06
  8.0400000E-01  6.4953344E-02  2.7527441E-04  7.7743551E-06
  8.0300000E-01  6.5282162E-02  2.7848229E-04  7.9168091E-06
  8.0200000E-01  6.5610947E-02  2.8171337E-04  8.0612749E-06
  8.0100000E-01  6.5939697E-02  2.8496776E-04  8.2077741E-06
  8.0000000E-01  6.6268412E-02  2.8824554E-04  8.3563284E-06
  7.9900000E-01  6.6597093E-02  2.9154680E-04  8.5069597E-06
  7.9800000E-01  6.6925738E-02  2.9487164E-04  8.6596901E-06
  7.9700000E-01  6.7254349E-02  2.9822014E-04  8.8145417E-06
  7.9600000E-01  6.7582924E-02  3.0159241E-04  8.9715372E-06
  7.9500000E-01  6.7911464E-02  3.0498853E-04  9.1306992E-06
  7.9400000E-01  6.8239968E-02  3.0840860E-04  9.2920505E-06
  7.9300000E-01  6.8568437E-02  3.1185271E-04  9.4556142E-06
  7.9200000E-01  6.8896870E-02  3.1532096E-04  9.6214136E-06
  7.9100000E-01  6.9225266E-02  3.1881343E-04  9.7894722E-06
  7.9000000E-01  6.9553627E-02  3.2233024E-04  9.9598136E-06
  7.8900000E-01  6.9881951E-02  3.2587147E-04  1.0132462E-05
  7.8800000E-01  7.0210238E-02  3.2943722E-04  1.0307441E-05
  7.8700000E-01  7.0538489E-02  3.3302758E-04  1.0484775E-05
  7.8600000E-01  7.0866702E-02  3.3664266E-04  1.0664489E-05
  7.8500000E-01  7.1194879E-02  3.4028254E-04  1.0846607E-05
  7.8400000E-01  7.1523018E-02  3.4394734E-04  1.1031154E-05
  7.8300000E-01  7.1851120E-02  3.4763714E-04  1.1218156E-05
  7.8200000E-01  7.2179185E-02  3.5135204E-04  1.1407638E-05
  7.8100000E-01  7.2507211E-02  3.5509215E-04  1.1599625E-05
  7.8000000E-01  7.2835200E-02  3.5885757E-04  1.1794144E-05
  7.7900000E-01  7.3163150E-02  3.6264839E-04  1.1991220E-05
  7.7800000E-01  7.3491062E-02  3.6646471E-04  1.2190879E-05
  7.7700000E-01  7.3818936E-02  3.7030664E-04  1.2393149E-05
  7.7600000E-01  7.4146771E-02  3.7417428E-04  1.2598056E-05
  7.7500000E-01  7.4474567E-02  3.7806773E-04  1.2805627E-05
  7.7400000E-01  7.4802324E-02  3.8198709E-04  1.3015889E-05
  7.7300000E-01  7.5130042E-02  3.8593246E-04  1.3228869E-05
  7.7200000E-01  7.5457720E-02  3.8990395E-04  1.3444596E-05
  7.7100000E-01  7.5785359E-02  3.9390167E-04  1.3663097E-05
  7.7000000E-01  7.6112958E-02  3.9792571E-04  1.3884401E-05
  7.6900000E-01  7.6440518E-02  4.0197618E-04  1.4108535E-05
  7.6800000E-01  7.6768037E-02  4.0605318E-04  1.4335529E-05
  7.6700000E-01  7.7095515E-02  4.1015683E-04  1.4565412E-05
  7.6600000E-01  7.7422953E-02  4.1428723E-04  1.4798212E-05
  7.6500000E-01  7.7750351E-02  4.1844448E-04  1.5033960E-05
  7.6400000E-01  7.8077707E-02  4.2262869E-04  1.5272685E-05
  7.6300000E-01  7.8405023E-02  4.2683997E-04  1.5514416E-05
  7.6200000E-01  7.8732297E-02  4.3107843E-04  1.5759185E-05
  7.6100000E-01  7.9059529E-02  4.3534418E-04  1.6007021E-05
  7.6000000E-01  7.9386720E-02  4.3963732E-04  1.6257955E-05
  7.5900000E-01  7.9713869E-02  4.4395796E-04  1.6512019E-05
  7.5800000E-01  8.0040976E-02  4.4830622E-04  1.6769244E-05
  7.5700000E-01  8.0368041E-02  4.5268220E-04  1.7029661E-05
  7.5600000E-01  8.0695063E-02  4.5708602E-04  1.7293303E-05
  7.5500000E-01  8.1022043E-02  4.6151779E-04  1.7560201E-05
  7.5400000E-01  8.1348979E-02  4.6597762E-04  1.7830387E-05
  7.5300000E-01  8.1675873E-02  4.7046562E-04  1.8103896E-05
  7.5200000E-01  8.2002723E-02  4.7498190E-04  1.8380758E-05
  7.5100000E-01  8.2329530E-02  4.7952658E-04  1.8661009E-05
  7.5000000E-01  8.2656292E-02  4.8409978E-04  1.8944681E-05
  7.4900000E-01  8.2983012E-02  4.8870160E-04  1.9231809E-05
  7.4800000E-01  8.3309686E-02  4.9333217E-04  1.9522426E-05
  7.4700000E-01  8.3636317E-02  4.9799159E-04  1.9816567E-05
  7.4600000E-01  8.3962903E-02  5.0267999E-04  2.0114267E-05
  7.4500000E-01  8.4289444E-02  5.0739748E-04  2.0415561E-05
  7.4400000E-01  8.4615940E-02  5.1214418E-04  2.0720485E-05
  7.4300000E-01  8.4942391E-02  5.1692020E-04  2.1029073E-05
  7.4200000E-01  8.5268797E-02  5.2172567E-04  2.1341363E-05
  7.4100000E-01  8.5595157E-02  5.2656071E-04  2.1657390E-05
  7.4000000E-01  8.5921471E-02  5.3142542E-04  2.1977192E-05
  7.3900000E-01  8.6247739E-02  5.3631994E-04  2.2300804E-05
  7.3800000E-01  8.6573960E-02  5.4124438E-04  2.2628266E-05
  7.3700000E-01  8.6900135E-02  5.4619887E-04  2.2959614E-05
  7.3600000E-01  8.7226264E-02  5.5118352E-04  2.3294886E-05
  7.3500000E-01  8.7552345E-02  5.5619846E-04  2.3634120E-05
  7.3400000E-01  8.7878379E-02  5.6124381E-04  2.3977356E-05
  7.3300000E-01  8.8204366E-02  5.6631970E-04  2.4324633E-05
  7.3200000E-01  8.8530305E-02  5.7142624E-04  2.4675989E-05
  7.3100000E-01  8.8856196E-02  5.7656357E-04  2.5031465E-05
  7.3000000E-01  8.9182039E-02  5.8173180E-04  2.5391100E-05
  7.2900000E-01  8.9507834E-02  5.8693107E-04  2.5754935E-05
  7.2800000E-01  8.9833580E-02  5.9216149E-04  2.6123011E-05
  7.2700000E-01  9.0159277E-02  5.9742320E-04  2.6495370E-05
  7.2600000E-01  9.0484925E-02  6.0271633E-04  2.6872051E-05
  7.2500000E-01  9.0810524E-02  6.0804099E-04  2.7253098E-05
  7.2400000E-01  9.1136073E-02  6.1339733E-04  2.7638553E-05
  7.2300000E-01  9.1461572E-02  6.1878546E-04  2.8028458E-05
  7.2200000E-01  9.1787021E-02  6.2420552E-04  2.8422857E-05
  7.2100000E-01  9.2112420E-02  6.2965764E-04  2.8821792E-05
  7.2000000E-01  9.2437769E-02  6.3514195E-04  2.9225308E-05
  7.1900000E-01  9.2763066E-02  6.4065858E-04  2.9633449E-05
  7.1800000E-01  9.3088313E-02  6.4620767E-04  3.0046259E-05
  7.1700000E-01  9.3413508E-02  6.5178933E-04  3.0463784E-05
  7.1600000E-01  9.3738652E-02  6.5740372E-04  3.0886069E-05
  7.1500000E-01  9.4063743E-02  6.6305096E-04  3.1313159E-05
  7.1400000E-01  9.4388783E-02  6.6873119E-04  3.1745101E-05
  7.1300000E-01  9.4713771E-02  6.7444454E-04  3.2181941E-05
  7.1200000E-01  9.5038706E-02  6.8019115E-04  3.2623727E-05
  7.1100000E-01  9.5363588E-02  6.8597115E-04  3.3070506E-05
  7.1000000E-01  9.5688417E-02  6.9178469E-04  3.3522325E-05
  7.0900000E-01  9.6013192E-02  6.9763189E-04  3.3979234E-05
  7.0800000E-01  9.6337914E-02  7.0351291E-04  3.4441281E-05
  7.0700000E-01  9.6662582E-02  7.0942787E-04  3.4908514E-05
  7.0600000E-01  9.6987196E-02  7.1537691E-04  3.5380985E-05
  7.0500000E-01  9.7311755E-02  7.2136018E-04  3.5858742E-05
  7.0400000E-01  9.7636260E-02  7.2737782E-04  3.6341837E-05
  7.0300000E-01  9.7960710E-02  7.3342997E-04  3.6830320E-05
  7.0200000E-01  9.8285104E-02  7.3951678E-04  3.7324243E-05
  7.0100000E-01  9.8609443E-02  7.4563837E-04  3.7823657E-05
  7.0000000E-01  9.8933726E-02  7.5179490E-04  3.8328616E-05
  6.9900000E-01  9.9257953E-02  7.5798652E-04  3.8839171E-05
  6.9800000E-01  9.9582123E-02  7.6421336E-04  3.9355377E-05
  6.9700000E-01  9.9906237E-02  7.7047558E-04  3.9877287E-05
  6.9600000E-01  1.0023029E-01  7.7677331E-04  4.0404955E-05
  6.9500000E-01  1.0055429E-01  7.8310671E-04  4.0938436E-05
  6.9400000E-01  1.0087824E-01  7.8947592E-04  4.1477786E-05
  6.9300000E-01  1.0120212E-01  7.9588110E-04  4.2023060E-05
  6.9200000E-01  1.0152595E-01  8.0232239E-04  4.2574314E-05
  6.9100000E-01  1.0184971E-01  8.0879993E-04  4.3131606E-05
  6.9000000E-01  1.0217342E-01  8.1531389E-04  4.3694992E-05
  6.8900000E-01  1.0249707E-01  8.2186441E-04  4.4264531E-05
  6.8800000E-01  1.0282066E-01  8.2845164E-04  4.4840280E-05
  6.8700000E-01  1.0314420E-01  8.3507575E-04  4.5422299E-05
  6.8600000E-01  1.0346767E-01  8.4173687E-04  4.6010647E-05
  6.8500000E-01  1.0379108E-01  8.4843516E-04  4.6605384E-05
  6.8400000E-01  1.0411443E-01  8.5517078E-04  4.7206571E-05
  6.8300000E-01  1.0443772E-01  8.6194389E-04  4.7814268E-05
  6.8200000E-01  1.0476095E-01  8.6875464E-04  4.8428537E-05
  6.8100000E-01  1.0508411E-01  8.7560318E-04  4.9049441E-05
  6.8000000E-01  1.0540722E-01  8.8248968E-04  4.9677041E-05
  6.7900000E-01  1.0573026E-01  8.8941429E-04  5.0311402E-05
  6.7800000E-01  1.0605324E-01  8.9637717E-04  5.0952588E-05
  6.7700000E-01  1.0637616E-01  9.0337849E-04  5.1600662E-05
  6.7600000E-01  1.0669902E-01  9.1041840E-04  5.2255690E-05
  6.7500000E-01  1.0702181E-01  9.1749706E-04  5.2917737E-05
  6.7400000E-01  1.0734454E-01  9.2461464E-04  5.3586870E-05
  6.7300000E-01  1.0766720E-01  9.3177129E-04  5.4263155E-05
  6.7200000E-01  1.0798980E-01  9.3896719E-04  5.4946660E-05
  6.7100000E-01  1.0831233E-01  9.4620250E-04  5.5637454E-05
  6.7000000E-01  1.0863480E-01  9.5347738E-04  5.6335604E-05
  6.6900000E-01  1.0895721E-01  9.6079200E-04  5.7041180E-05
  6.6800000E-01  1.0927955E-01  9.6814652E-04  5.7754253E-05
  6.6700000E-01  1.0960182E-01  9.7554112E-04  5.8474892E-05
  6.6600000E-01  1.0992403E-01  9.8297596E-04  5.9203169E-05
  6.6500000E-01  1.1024617E-01  9.9045121E-04  5.9939156E-05
  6.6400000E-01  1.1056824E-01  9.9796704E-04  6.0682925E-05
  6.6300000E-01  1.1089024E-01  1.0055236E-03  6.1434550E-05
  6.6200000E-01  1.1121218E-01  1.0131211E-03  6.2194105E-05
  6.6100000E-01  1.1153405E-01  1.0207597E-03  6.2961664E-05
  6.6000000E-01  1.1185585E-01  1.0284396E-03  6.3737302E-05
  6.5900000E-01  1.1217758E-01  1.0361609E-03  6.4521096E-05
  6.5800000E-01  1.1249925E-01  1.0439238E-03  6.5313121E-05
  6.5700000E-01  1.1282084E-01  1.0517285E-03  6.6113457E-05
  6.5600000E-01  1.1314236E-01  1.0595752E-03  6.6922180E-05
  6.5500000E-01  1.1346382E-01  1.0674641E-03  6.7739369E-05
  6.5400000E-01  1.1378520E-01  1.0753952E-03  6.8565105E-05
  6.5300000E-01  1.1410651E-01  1.0833689E-03  6.9399467E-05
  6.5200000E-01  1.1442775E-01  1.0913852E-03  7.0242536E-05
  6.5100000E-01  1.1474892E-01  1.0994445E-03  7.1094394E-05
  6.5000000E-01  1.1507001E-01  1.1075467E-03  7.1955124E-05
  6.4900000E-01  1.1539104E-01  1.1156922E-03  7.2824809E-05
  6.4800000E-01  1.1571199E-01  1.1238811E-03  7.3703533E-05
  6.4700000E-01  1.1603286E-01  1.1321136E-03  7.4591381E-05
  6.4600000E-01  1.1635367E-01  1.1403899E-03  7.5488438E-05
  6.4500000E-01  1.1667440E-01  1.1487102E-03  7.6394792E-05
  6.4400000E-01  1.1699505E-01  1.1570746E-03  7.7310528E-05
  6.4300000E-01  1.1731563E-01  1.1654833E-03  7.8235736E-05
  6.4200000E-01  1.1763613E-01  1.1739366E-03  7.9170504E-05
  6.4100000E-01  1.1795656E-01  1.1824346E-03  8.0114922E-05
  6.4000000E-01  1.1827691E-01  1.1909775E-03  8.1069081E-05
  6.3900000E-01  1.1859719E-01  1.1995655E-03  8.2033071E-05
  6.3800000E-01  1.1891739E-01  1.2081988E-03  8.3006986E-05
  6.3700000E-01  1.1923751E-01  1.2168776E-03  8.3990917E-05
  6.3600000E-01  1.1955756E-01  1.2256021E-03  8.4984960E-05
  6.3500000E-01  1.1987752E-01  1.2343725E-03  8.5989209E-05
  6.3400000E-01  1.2019741E-01  1.2431889E-03  8.7003760E-05
  6.3300000E-01  1.2051722E-01  1.2520516E-03  8.8028709E-05
  6.3200000E-01  1.2083695E-01  1.2609608E-03  8.9064154E-05
  6.3100000E-01  1.2115659E-01  1.2699166E-03  9.0110193E-05
  6.3000000E-01  1.2147616E-01  1.2789193E-03  9.1166927E-05
  6.2900000E-01  1.2179565E-01  1.2879691E-03  9.2234454E-05
  6.2800000E-01  1.2211506E-01  1.2970662E-03  9.3312878E-05
  6.2700000E-01  1.2243438E-01  1.3062107E-03  9.4402298E-05
  6.2600000E-01  1.2275362E-01  1.3154029E-03  9.5502820E-05
  6.2500000E-01  1.2307279E-01  1.3246429E-03  9.6614547E-05
  6.2400000E-01  1.2339186E-01  1.3339311E-03  9.7737584E-05
  6.2300000E-01  1.2371086E-01  1.3432676E-03  9.8872037E-05
  6.2200000E-01  1.2402977E-01  1.3526525E-03  1.0001801E-04
  6.2100000E-01  1.2434859E-01  1.3620862E-03  1.0117562E-04
  6.2000000E-01  1.2466733E-01  1.3715688E-03  1.0234497E-04
  6.1900000E-01  1.2498599E-01  1.3811005E-03  1.0352617E-04
  6.1800000E-01  1.2530456E-01  1.3906815E-03  1.0471933E-04
  6.1700000E-01  1.2562304E-01  1.4003121E-03  1.0592457E-04
  6.1600000E-01  1.2594144E-01  1.4099925E-03  1.0714199E-04
  6.1500000E-01  1.2625975E-01  1.4197229E-03  1.0837172E-04
  6.1400000E-01  1.2657797E-01  1.4295034E-03  1.0961387E-04
  6.1300000E-01  1.2689611E-01  1.4393344E-03  1.1086854E-04
  6.1200000E-01  1.2721415E-01  1.4492160E-03  1.1213588E-04
  6.1100000E-01  1.2753211E-01  1.4591484E-03  1.1341598E-04
  6.1000000E-01  1.2784998E-01  1.4691320E-03  1.1470897E-04
  6.0900000E-01  1.2816775E-01  1.4791668E-03  1.1601498E-04
  6.0800000E-01  1.2848544E-01  1.4892531E-03  1.1733412E-04
  6.0700000E-01  1.2880303E-01  1.4993912E-03  1.1866652E-04
  6.0600000E-01  1.2912054E-01  1.5095812E-03  1.2001230E-04
  6.0500000E-01  1.2943795E-01  1.5198234E-03  1.2137159E-04
  6.0400000E-01  1.2975527E-01  1.5301180E-03  1.2274451E-04
  6.0300000E-01  1.3007249E-01  1.5404653E-03  1.2413120E-04
  6.0200000E-01  1.3038963E-01  1.5508654E-03  1.2553178E-04
  6.0100000E-01  1.3070666E-01  1.5613187E-03  1.2694639E-04
  6.0000000E-01  1.3102361E-01  1.5718252E-03  1.2837515E-04
  5.9900000E-01  1.3134046E-01  1.5823854E-03  1.2981820E-04
  5.9800000E-01  1.3165721E-01  1.5929993E-03  1.3127568E-04
  5.9700000E-01  1.3197386E-01  1.6036672E-03  1.3274771E-04
  5.9600000E-01  1.3229042E-01  1.6143894E-03  1.3423444E-04
  5.9500000E-01  1.3260689E-01  1.6251661E-03  1.3573601E-04
  5.9400000E-01  1.3292325E-01  1.6359976E-03  1.3725255E-04
  5.9300000E-01  1.3323951E-01  1.6468840E-03  1.3878421E-04
  5.9200000E-01  1.3355568E-01  1.6578256E-03  1.4033112E-04
  5.9100000E-01  1.3387175E-01  1.6688227E-03  1.4189344E-04
  5.9000000E-01  1.3418771E-01  1.6798755E-03  1.4347130E-04
  5.8900000E-01  1.3450358E-01  1.6909842E-03  1.4506486E-04
  5.8800000E-01  1.3481934E-01  1.7021491E-03  1.4667427E-04
  5.8700000E-01  1.3513501E-01  1.7133705E-03  1.4829966E-04
  5.8600000E-01  1.3545057E-01  1.7246485E-03  1.4994120E-04
  5.8500000E-01  1.3576602E-01  1.7359835E-03  1.5159903E-04
  5.8400000E-01  1.3608138E-01  1.7473756E-03  1.5327331E-04
  5.8300000E-01  1.3639663E-01  1.7588251E-03  1.5496419E-04
  5.8200000E-01  1.3671177E-01  1.7703324E-03  1.5667184E-04
  5.8100000E-01  1.3702681E-01  1.7818975E-03  1.5839641E-04
  5.8000000E-01  1.3734174E-01  1.7935208E-03  1.6013806E-04
  5.7900000E-01  1.3765657E-01  1.8052026E-03  1.6189695E-04
  5.7800000E-01  1.3797129E-01  1.8169431E-03  1.6367324E-04
  5.7700000E-01  1.3828590E-01  1.8287425E-03  1.6546710E-04
  5.7600000E-01  1.3860040E-01  1.8406011E-03  1.6727870E-04
  5.7500000E-01  1.3891479E-01  1.8525193E-03  1.6910821E-04
  5.7400000E-01  1.3922908E-01  1.8644971E-03  1.7095578E-04
  5.7300000E-01  1.3954325E-01  1.8765349E-03  1.7282161E-04
  5.7200000E-01  1.3985731E-01  1.8886330E-03  1.7470584E-04
  5.7100000E-01  1.4017126E-01  1.9007916E-03  1.7660868E-04
  5.7000000E-01  1.4048510E-01  1.9130111E-03  1.7853028E-04
  5.6900000E-01  1.4079883E-01  1.9252915E-03  1.8047082E-04
  5.6800000E-01  1.4111244E-01  1.9376333E-03  1.8243050E-04
  5.6700000E-01  1.4142594E-01  1.9500367E-03  1.8440948E-04
  5.6600000E-01  1.4173932E-01  1.9625020E-03  1.8640796E-04
  5.6500000E-01  1.4205258E-01  1.9750294E-03  1.8842611E-04
  5.6400000E-01  1.4236573E-01  1.9876192E-03  1.9046412E-04
  5.6300000E-01  1.4267877E-01  2.0002717E-03  1.9252219E-04
  5.6200000E-01  1.4299168E-01  2.0129872E-03  1.9460050E-04
  5.6100000E-01  1.4330448E-01  2.0257659E-03  1.9669925E-04
  5.6000000E-01  1.4361716E-01  2.0386082E-03  1.9881863E-04
  5.5900000E-01  1.4392972E-01  2.0515143E-03  2.0095884E-04
  5.5800000E-01  1.4424215E-01  2.0644844E-03  2.0312008E-04
  5.5700000E-01  1.4455447E-01  2.0775189E-03  2.0530254E-04
  5.5600000E-01  1.4486667E-01  2.0906181E-03  2.0750643E-04
  5.5500000E-01  1.4517874E-01  2.1037823E-03  2.0973195E-04
  5.5400000E-01  1.4549069E-01  2.1170116E-03  2.1197931E-04
  5.5300000E-01  1.4580251E-01  2.1303065E-03  2.1424872E-04
  5.5200000E-01  1.4611421E-01  2.1436672E-03  2.1654040E-04
  5.5100000E-01  1.4642578E-01  2.1570940E-03  2.1885454E-04
  5.5000000E-01  1.4673723E-01  2.1705872E-03  2.2119137E-04
  5.4900000E-01  1.4704855E-01  2.1841471E-03  2.2355110E-04
  5.4800000E-01  1.4735974E-01  2.1977740E-03  2.2593396E-04
  5.4700000E-01  1.4767081E-01  2.2114681E-03  2.2834016E-04
  5.4600000E-01  1.4798174E-01  2.2252299E-03  2.3076993E-04
  5.4500000E-01  1.4829255E-01  2.2390595E-03  2.3322349E-04
  5.4400000E-01  1.4860322E-01  2.2529573E-03  2.3570108E-04
  5.4300000E-01  1.4891376E-01  2.2669236E-03  2.3820291E-04
  5.4200000E-01  1.4922417E-01  2.2809587E-03  2.4072923E-04
  5.4100000E-01  1.4953445E-01  2.2950629E-03  2.4328028E-04
  5.4000000E-01  1.4984459E-01  2.3092365E-03  2.4585628E-04
  5.3900000E-01  1.5015460E-01  2.3234798E-03  2.4845747E-04
  5.3800000E-01  1.5046447E-01  2.3377931E-03  2.5108411E-04
  5.3700000E-01  1.5077420E-01  2.3521768E-03  2.5373643E-04
  5.3600000E-01  1.5108380E-01  2.3666311E-03  2.5641468E-04
  5.3500000E-01  1.5139326E-01  2.3811564E-03  2.5911912E-04
  5.3400000E-01  1.5170258E-01  2.3957529E-03  2.6184999E-04
  5.3300000E-01  1.5201176E-01  2.4104211E-03  2.6460754E-04
  5.3200000E-01  1.5232080E-01  2.4251612E-03  2.6739204E-04
  5.3100000E-01  1.5262970E-01  2.4399735E-03  2.7020375E-04
  5.3000000E-01  1.5293845E-01  2.4548584E-03  2.7304293E-04
  5.2900000E-01  1.5324706E-01  2.4698161E-03  2.7590984E-04
  5.2800000E-01  1.5355553E-01  2.4848471E-03  2.7880475E-04
  5.2700000E-01  1.5386385E-01  2.4999516E-03  2.8172793E-04
  5.2600000E-01  1.5417203E-01  2.5151300E-03  2.8467966E-04
  5.2500000E-01  1.5448006E-01  2.5303826E-03  2.8766021E-04
  5.2400000E-01  1.5478794E-01  2.5457097E-03  2.9066986E-04
  5.2300000E-01  1.5509567E-01  2.5611116E-03  2.9370890E-04
  5.2200000E-01  1.5540325E-01  2.5765888E-03  2.9677760E-04
  5.2100000E-01  1.5571068E-01  2.5921415E-03  2.9987626E-04
  5.2000000E-01  1.5601796E-01  2.6077700E-03  3.0300517E-04
  5.1900000E-01  1.5632509E-01  2.6234748E-03  3.0616462E-04
  5.1800000E-01  1.5663207E-01  2.6392561E-03  3.0935490E-04
  5.1700000E-01  1.5693889E-01  2.6551143E-03  3.1257633E-04
  5.1600000E-01  1.5724555E-01  2.6710497E-03  3.1582919E-04
  5.1500000E-01  1.5755206E-01  2.6870627E-03  3.1911380E-04
  5.1400000E-01  1.5785841E-01  2.7031537E-03  3.2243046E-04
  5.1300000E-01  1.5816460E-01  2.7193229E-03  3.2577949E-04
  5.1200000E-01  1.5847064E-01  2.7355707E-03  3.2916121E-04
  5.1100000E-01  1.5877651E-01  2.7518976E-03  3.3257592E-04
  5.1000000E-01  1.5908222E-01  2.7683037E-03  3.3602397E-04
  5.0900000E-01  1.5938777E-01  2.7847896E-03  3.3950566E-04
  5.0800000E-01  1.5969316E-01  2.8013554E-03  3.4302133E-04
  5.0700000E-01  1.5999838E-01  2.8180017E-03  3.4657131E-04
  5.0600000E-01  1.6030344E-01  2.8347288E-03  3.5015594E-04
  5.0500000E-01  1.6060832E-01  2.8515370E-03  3.5377556E-04
  5.0400000E-01  1.6091305E-01  2.8684266E-03  3.5743050E-04
  5.0300000E-01  1.6121760E-01  2.8853981E-03  3.6112112E-04
  5.0200000E-01  1.6152198E-01  2.9024519E-03  3.6484777E-04
  5.0100000E-01  1.6182620E-01  2.9195882E-03  3.6861080E-04
  5.0000000E-01  1.6213024E-01  2.9368075E-03  3.7241056E-04
  4.9900000E-01  1.6243411E-01  2.9541101E-03  3.7624742E-04
  4.9800000E-01  1.6273780E-01  2.9714965E-03  3.8012174E-04
  4.9700000E-01  1.6304132E-01  2.9889669E-03  3.8403390E-04
  4.9600000E-01  1.6334466E-01  3.0065218E-03  3.8798426E-04
  4.9500000E-01  1.6364783E-01  3.0241615E-03  3.9197320E-04
  4.9400000E-01  1.6395082E-01  3.0418864E-03  3.9600110E-04
  4.9300000E-01  1.6425362E-01  3.0596969E-03  4.0006835E-04
  4.9200000E-01  1.6455625E-01  3.0775934E-03  4.0417533E-04
  4.9100000E-01  1.6485869E-01  3.0955763E-03  4.0832244E-04
  4.9000000E-01  1.6516096E-01  3.1136459E-03  4.1251008E-04
  4.8900000E-01  1.6546303E-01  3.1318027E-03  4.1673864E-04
  4.8800000E-01  1.6576492E-01  3.1500470E-03  4.2100852E-04
  4.8700000E-01  1.6606663E-01  3.1683793E-03  4.2532015E-04
  4.8600000E-01  1.6636814E-01  3.1867998E-03  4.2967394E-04
  4.8500000E-01  1.6666947E-01  3.2053091E-03  4.3407029E-04
  4.8400000E-01  1.6697061E-01  3.2239075E-03  4.3850964E-04
  4.8300000E-01  1.6727155E-01  3.2425954E-03  4.4299241E-04
  4.8200000E-01  1.6757230E-01  3.2613732E-03  4.4751904E-04
  4.8100000E-01  1.6787286E-01  3.2802414E-03  4.5208995E-04
  4.8000000E-01  1.6817322E-01  3.2992002E-03  4.5670560E-04
  4.7900000E-01  1.6847339E-01  3.3182503E-03  4.6136642E-04
  4.7800000E-01  1.6877336E-01  3.3373918E-03  4.6607287E-04
  4.7700000E-01  1.6907312E-01  3.3566253E-03  4.7082541E-04
  4.7600000E-01  1.6937269E-01  3.3759511E-03  4.7562449E-04
  4.7500000E-01  1.6967206E-01  3.3953698E-03  4.8047057E-04
  4.7400000E-01  1.6997122E-01  3.4148816E-03  4.8536414E-04
  4.7300000E-01  1.7027017E-01  3.4344870E-03  4.9030565E-04
  4.7200000E-01  1.7056893E-01  3.4541865E-03  4.9529560E-04
  4.7100000E-01  1.7086747E-01  3.4739804E-03  5.0033447E-04
  4.7000000E-01  1.7116580E-01  3.4938691E-03  5.0542275E-04
  4.6900000E-01  1.7146393E-01  3.5138532E-03  5.1056094E-04
  4.6800000E-01  1.7176184E-01  3.5339330E-03  5.1574954E-04
  4.6700000E-01  1.7205954E-01  3.5541089E-03  5.2098904E-04
  4.6600000E-01  1.7235702E-01  3.5743814E-03  5.2627998E-04
  4.6500000E-01  1.7265429E-01  3.5947509E-03  5.3162286E-04
  4.6400000E-01  1.7295135E-01  3.6152179E-03  5.3701820E-04
  4.6300000E-01  1.7324818E-01  3.6357827E-03  5.4246655E-04
  4.6200000E-01  1.7354479E-01  3.6564458E-03  5.4796842E-04
  4.6100000E-01  1.7384118E-01  3.6772077E-03  5.5352437E-04
  4.6000000E-01  1.7413735E-01  3.6980688E-03  5.5913493E-04
  4.5900000E-01  1.7443329E-01  3.7190296E-03  5.6480067E-04
  4.5800000E-01  1.7472901E-01  3.7400904E-03  5.7052213E-04
  4.5700000E-01  1.7502450E-01  3.7612517E-03  5.7629989E-04
  4.5600000E-01  1.7531976E-01  3.7825140E-03  5.8213452E-04
  4.5500000E-01  1.7561479E-01  3.8038778E-03  5.8802659E-04
  4.5400000E-01  1.7590958E-01  3.8253434E-03  5.9397668E-04
  4.5300000E-01  1.7620414E-01  3.8469113E-03  5.9998539E-04
  4.5200000E-01  1.7649847E-01  3.8685820E-03  6.0605330E-04
  4.5100000E-01  1.7679256E-01  3.8903560E-03  6.1218104E-04
  4.5000000E-01  1.7708641E-01  3.9122336E-03  6.1836919E-04
  4.4900000E-01  1.7738002E-01  3.9342155E-03  6.2461839E-04
  4.4800000E-01  1.7767338E-01  3.9563019E-03  6.3092925E-04
  4.4700000E-01  1.7796650E-01  3.9784934E-03  6.3730239E-04
  4.4600000E-01  1.7825938E-01  4.0007905E-03  6.4373847E-04
  4.4500000E-01  1.7855201E-01  4.0231936E-03  6.5023812E-04
  4.4400000E-01  1.7884439E-01  4.0457032E-03  6.5680200E-04
  4.4300000E-01  1.7913652E-01  4.0683197E-03  6.6343075E-04
  4.4200000E-01  1.7942840E-01  4.0910437E-03  6.7012505E-04
  4.4100000E-01  1.7972002E-01  4.1138756E-03  6.7688557E-04
  4.4000000E-01  1.8001139E-01  4.1368158E-03  6.8371299E-04
  4.3900000E-01  1.8030250E-01  4.1598649E-03  6.9060799E-04
  4.3800000E-01  1.8059335E-01  4.1830234E-03  6.9757128E-04
  4.3700000E-01  1.8088394E-01  4.2062917E-03  7.0460356E-04
  4.3600000E-01  1.8117426E-01  4.2296703E-03  7.1170553E-04
  4.3500000E-01  1.8146432E-01  4.2531597E-03  7.1887791E-04
  4.3400000E-01  1.8175412E-01  4.2767603E-03  7.2612144E-04
  4.3300000E-01  1.8204364E-01  4.3004728E-03  7.3343684E-04
  4.3200000E-01  1.8233290E-01  4.3242974E-03  7.4082486E-04
  4.3100000E-01  1.8262188E-01  4.3482349E-03  7.4828626E-04
  4.3000000E-01  1.8291058E-01  4.3722856E-03  7.5582179E-04
  4.2900000E-01  1.8319901E-01  4.3964500E-03  7.6343222E-04
  4.2800000E-01  1.8348716E-01  4.4207287E-03  7.7111832E-04
  4.2700000E-01  1.8377504E-01  4.4451221E-03  7.7888089E-04
  4.2600000E-01  1.8406262E-01  4.4696307E-03  7.8672072E-04
  4.2500000E-01  1.8434993E-01  4.4942551E-03  7.9463861E-04
  4.2400000E-01  1.8463695E-01  4.5189957E-03  8.0263537E-04
  4.2300000E-01  1.8492368E-01  4.5438531E-03  8.1071183E-04
  4.2200000E-01  1.8521011E-01  4.5688278E-03  8.1886882E-04
  4.2100000E-01  1.8549626E-01  4.5939202E-03  8.2710718E-04
  4.2000000E-01  1.8578211E-01  4.6191309E-03  8.3542776E-04
  4.1900000E-01  1.8606767E-01  4.6444603E-03  8.4383141E-04
  4.1800000E-01  1.8635292E-01  4.6699091E-03  8.5231902E-04
  4.1700000E-01  1.8663788E-01  4.6954777E-03  8.6089145E-04
  4.1600000E-01  1.8692253E-01  4.7211667E-03  8.6954959E-04
  4.1500000E-01  1.8720687E-01  4.7469765E-03  8.7829436E-04
  4.1400000E-01  1.8749091E-01  4.7729077E-03  8.8712665E-04
  4.1300000E-01  1.8777464E-01  4.7989608E-03  8.9604739E-04
  4.1200000E-01  1.8805806E-01  4.8251363E-03  9.0505750E-04
  4.1100000E-01  1.8834116E-01  4.8514347E-03  9.1415794E-04
  4.1000000E-01  1.8862394E-01  4.8778567E-03  9.2334964E-04
  4.0900000E-01  1.8890641E-01  4.9044026E-03  9.3263358E-04
  4.0800000E-01  1.8918855E-01  4.9310731E-03  9.4201073E-04
  4.0700000E-01  1.8947037E-01  4.9578686E-03  9.5148207E-04
  4.0600000E-01  1.8975187E-01  4.9847897E-03  9.6104860E-04
  4.0500000E-01  1.9003303E-01  5.0118370E-03  9.7071133E-04
  4.0400000E-01  1.9031387E-01  5.0390109E-03  9.8047127E-04
  4.0300000E-01  1.9059437E-01  5.0663121E-03  9.9032947E-04
  4.0200000E-01  1.9087453E-01  5.0937409E-03  1.0002870E-03
  4.0100000E-01  1.9115436E-01  5.1212981E-03  1.0103448E-03
  4.0000000E-01  1.9143385E-01  5.1489841E-03  1.0205040E-03
  3.9900000E-01  1.9171299E-01  5.1767994E-03  1.0307658E-03
  3.9800000E-01  1.9199179E-01  5.2047447E-03  1.0411311E-03
  3.9700000E-01  1.9227024E-01  5.2328204E-03  1.0516011E-03
  3.9600000E-01  1.9254834E-01  5.2610271E-03  1.0621770E-03
  3.9500000E-01  1.9282608E-01  5.2893653E-03  1.0728597E-03
  3.9400000E-01  1.9310347E-01  5.3178356E-03  1.0836506E-03
  3.9300000E-01  1.9338050E-01  5.3464386E-03  1.0945507E-03
  3.9200000E-01  1.9365716E-01  5.3751748E-03  1.1055612E-03
  3.9100000E-01  1.9393347E-01  5.4040447E-03  1.1166833E-03
  3.9000000E-01  1.9420940E-01  5.4330489E-03  1.1279182E-03
  3.8900000E-01  1.9448497E-01  5.4621880E-03  1.1392671E-03
  3.8800000E-01  1.9476016E-01  5.4914625E-03  1.1507313E-03
  3.8700000E-01  1.9503498E-01  5.5208729E-03  1.1623119E-03
  3.8600000E-01  1.9530942E-01  5.5504199E-03  1.1740103E-03
  3.8500000E-01  1.9558348E-01  5.5801039E-03  1.1858276E-03
  3.8400000E-01  1.9585716E-01  5.6099256E-03  1.1977652E-03
  3.8300000E-01  1.9613045E-01  5.6398854E-03  1.2098245E-03
  3.8200000E-01  1.9640334E-01  5.6699840E-03  1.2220066E-03
  3.8100000E-01  1.9667585E-01  5.7002220E-03  1.2343129E-03
  3.8000000E-01  1.9694796E-01  5.7305998E-03  1.2467448E-03
  3.7900000E-01  1.9721967E-01  5.7611180E-03  1.2593037E-03
  3.7800000E-01  1.9749098E-01  5.7917773E-03  1.2719909E-03
  3.7700000E-01  1.9776188E-01  5.8225781E-03  1.2848078E-03
  3.7600000E-01  1.9803238E-01  5.8535210E-03  1.2977558E-03
  3.7500000E-01  1.9830246E-01  5.8846067E-03  1.3108363E-03
  3.7400000E-01  1.9857213E-01  5.9158356E-03  1.3240509E-03
  3.7300000E-01  1.9884139E-01  5.9472083E-03  1.3374009E-03
  3.7200000E-01  1.9911022E-01  5.9787255E-03  1.3508879E-03
  3.7100000E-01  1.9937863E-01  6.0103876E-03  1.3645133E-03
  3.7000000E-01  1.9964661E-01  6.0421952E-03  1.3782786E-03
  3.6900000E-01  1.9991416E-01  6.0741489E-03  1.3921854E-03
  3.6800000E-01  2.0018128E-01  6.1062493E-03  1.4062352E-03
  3.6700000E-01  2.0044795E-01  6.1384969E-03  1.4204297E-03
  3.6600000E-01  2.0071419E-01  6.1708923E-03  1.4347703E-03
  3.6500000E-01  2.0097999E-01  6.2034361E-03  1.4492587E-03
  3.6400000E-01  2.0124533E-01  6.2361288E-03  1.4638966E-03
  3.6300000E-01  2.0151023E-01  6.2689710E-03  1.4786855E-03
  3.6200000E-01  2.0177467E-01  6.3019633E-03  1.4936271E-03
  3.6100000E-01  2.0203865E-01  6.3351062E-03  1.5087232E-03
  3.6000000E-01  2.0230217E-01  6.3684003E-03  1.5239754E-03
  3.5900000E-01  2.0256523E-01  6.4018462E-03  1.5393854E-03
  3.5800000E-01  2.0282782E-01  6.4354445E-03  1.5549550E-03
  3.5700000E-01  2.0308993E-01  6.4691956E-03  1.5706860E-03
  3.5600000E-01  2.0335157E-01  6.5031002E-03  1.5865802E-03
  3.5500000E-01  2.0361272E-01  6.5371589E-03  1.6026393E-03
  3.5400000E-01  2.0387340E-01  6.5713721E-03  1.6188652E-03
  3.5300000E-01  2.0413358E-01  6.6057405E-03  1.6352597E-03
  3.5200000E-01  2.0439327E-01  6.6402647E-03  1.6518248E-03
  3.5100000E-01  2.0465247E-01  6.6749451E-03  1.6685623E-03
  3.5000000E-01  2.0491117E-01  6.7097824E-03  1.6854741E-03
  3.4900000E-01  2.0516936E-01  6.7447771E-03  1.7025623E-03
  3.4800000E-01  2.0542705E-01  6.7799297E-03  1.7198287E-03
  3.4700000E-01  2.0568422E-01  6.8152409E-03  1.7372753E-03
  3.4600000E-01  2.0594088E-01  6.8507112E-03  1.7549042E-03
  3.4500000E-01  2.0619702E-01  6.8863411E-03  1.7727175E-03
  3.4400000E-01  2.0645263E-01  6.9221312E-03  1.7907171E-03
  3.4300000E-01  2.0670772E-01  6.9580821E-03  1.8089052E-03
  3.4200000E-01  2.0696227E-01  6.9941943E-03  1.8272839E-03
  3.4100000E-01  2.0721628E-01  7.0304683E-03  1.8458553E-03
  3.4000000E-01  2.0746976E-01  7.0669047E-03  1.8646216E-03
  3.3900000E-01  2.0772269E-01  7.1035040E-03  1.8835850E-03
  3.3800000E-01  2.0797506E-01  7.1402669E-03  1.9027478E-03
  3.3700000E-01  2.0822689E-01  7.1771937E-03  1.9221121E-03
  3.3600000E-01  2.0847815E-01  7.2142852E-03  1.9416803E-03
  3.3500000E-01  2.0872885E-01  7.2515417E-03  1.9614546E-03
  3.3400000E-01  2.0897899E-01  7.2889639E-03  1.9814374E-03
  3.3300000E-01  2.0922855E-01  7.3265522E-03  2.0016310E-03
  3.3200000E-01  2.0947753E-01  7.3643073E-03  2.0220379E-03
  3.3100000E-01  2.0972593E-01  7.4022296E-03  2.0426604E-03
  3.3000000E-01  2.0997374E-01  7.4403196E-03  2.0635011E-03
  3.2900000E-01  2.1022096E-01  7.4785779E-03  2.0845623E-03
  3.2800000E-01  2.1046758E-01  7.5170050E-03  2.1058466E-03
  3.2700000E-01  2.1071360E-01  7.5556014E-03  2.1273566E-03
  3.2600000E-01  2.1095902E-01  7.5943676E-03  2.1490948E-03
  3.2500000E-01  2.1120382E-01  7.6333041E-03  2.1710637E-03
  3.2400000E-01  2.1144801E-01  7.6724115E-03  2.1932662E-03
  3.2300000E-01  2.1169157E-01  7.7116902E-03  2.2157047E-03
  3.2200000E-01  2.1193451E-01  7.7511407E-03  2.2383821E-03
  3.2100000E-01  2.1217681E-01  7.7907636E-03  2.2613011E-03
  3.2000000E-01  2.1241848E-01  7.8305592E-03  2.2844643E-03
  3.1900000E-01  2.1265950E-01  7.8705282E-03  2.3078747E-03
  3.1800000E-01  2.1289988E-01  7.9106709E-03  2.3315351E-03
  3.1700000E-01  2.1313960E-01  7.9509878E-03  2.3554483E-03
  3.1600000E-01  2.1337867E-01  7.9914795E-03  2.3796172E-03
  3.1500000E-01  2.1361706E-01  8.0321464E-03  2.4040448E-03
  3.1400000E-01  2.1385479E-01  8.0729889E-03  2.4287341E-03
  3.1300000E-01  2.1409184E-01  8.1140075E-03  2.4536881E-03
  3.1200000E-01  2.1432821E-01  8.1552026E-03  2.4789099E-03
  3.1100000E-01  2.1456390E-01  8.1965747E-03  2.5044025E-03
  3.1000000E-01  2.1479889E-01  8.2381243E-03  2.5301690E-03
  3.0900000E-01  2.1503318E-01  8.2798517E-03  2.5562127E-03
  3.0800000E-01  2.1526676E-01  8.3217574E-03  2.5825367E-03
  3.0700000E-01  2.1549964E-01  8.3638418E-03  2.6091444E-03
  3.0600000E-01  2.1573179E-01  8.4061053E-03  2.6360389E-03
  3.0500000E-01  2.1596323E-01  8.4485483E-03  2.6632236E-03
  3.0400000E-01  2.1619394E-01  8.4911713E-03  2.6907020E-03
  3.0300000E-01  2.1642391E-01  8.5339746E-03  2.7184773E-03
  3.0200000E-01  2.1665313E-01  8.5769585E-03  2.7465531E-03
  3.0100000E-01  2.1688161E-01  8.6201236E-03  2.7749329E-03
  3.0000000E-01  2.1710934E-01  8.6634701E-03  2.8036202E-03
  2.9900000E-01  2.1733630E-01  8.7069984E-03  2.8326186E-03
  2.9800000E-01  2.1756250E-01  8.7507088E-03  2.8619317E-03
  2.9700000E-01  2.1778793E-01  8.7946018E-03  2.8915632E-03
  2.9600000E-01  2.1801257E-01  8.8386776E-03  2.9215169E-03
  2.9500000E-01  2.1823642E-01  8.8829366E-03  2.9517965E-03
  2.9400000E-01  2.1845949E-01  8.9273790E-03  2.9824058E-03
  2.9300000E-01  2.1868175E-01  8.9720053E-03  3.0133486E-03
  2.9200000E-01  2.1890320E-01  9.0168156E-03  3.0446290E-03
  2.9100000E-01  2.1912383E-01  9.0618103E-03  3.0762509E-03
  2.9000000E-01  2.1934365E-01  9.1069897E-03  3.1082182E-03
  2.8900000E-01  2.1956264E-01  9.1523540E-03  3.1405350E-03
  2.8800000E-01  2.1978079E-01  9.1979035E-03  3.1732055E-03
  2.8700000E-01  2.1999809E-01  9.2436385E-03  3.2062339E-03
  2.8600000E-01  2.2021455E-01  9.2895591E-03  3.2396242E-03
  2.8500000E-01  2.2043014E-01  9.3356656E-03  3.2733809E-03
  2.8400000E-01  2.2064488E-01  9.3819582E-03  3.3075082E-03
  2.8300000E-01  2.2085873E-01  9.4284371E-03  3.3420105E-03
  2.8200000E-01  2.2107171E-01  9.4751025E-03  3.3768922E-03
  2.8100000E-01  2.2128380E-01  9.5219546E-03  3.4121578E-03
  2.8000000E-01  2.2149499E-01  9.5689935E-03  3.4478119E-03
  2.7900000E-01  2.2170528E-01  9.6162194E-03  3.4838591E-03
  2.7800000E-01  2.2191465E-01  9.6636325E-03  3.5203040E-03
  2.7700000E-01  2.2212310E-01  9.7112327E-03  3.5571514E-03
  2.7600000E-01  2.2233063E-01  9.7590203E-03  3.5944059E-03
  2.7500000E-01  2.2253722E-01  9.8069954E-03  3.6320725E-03
  2.7400000E-01  2.2274286E-01  9.8551579E-03  3.6701560E-03
  2.7300000E-01  2.2294755E-01  9.9035081E-03  3.7086615E-03
  2.7200000E-01  2.2315128E-01  9.9520458E-03  3.7475938E-03
  2.7100000E-01  2.2335404E-01  1.0000771E-02  3.7869582E-03
  2.7000000E-01  2.2355582E-01  1.0049684E-02  3.8267597E-03
  2.6900000E-01  2.2375661E-01  1.0098785E-02  3.8670035E-03
  2.6800000E-01  2.2395641E-01  1.0148074E-02  3.9076950E-03
  2.6700000E-01  2.2415520E-01  1.0197550E-02  3.9488394E-03
  2.6600000E-01  2.2435298E-01  1.0247213E-02  3.9904422E-03
  2.6500000E-01  2.2454973E-01  1.0297064E-02  4.0325089E-03
  2.6400000E-01  2.2474545E-01  1.0347103E-02  4.0750449E-03
  2.6300000E-01  2.2494014E-01  1.0397328E-02  4.1180560E-03
  2.6200000E-01  2.2513377E-01  1.0447741E-02  4.1615477E-03
  2.6100000E-01  2.2532634E-01  1.0498341E-02  4.2055258E-03
  2.6000000E-01  2.2551784E-01  1.0549128E-02  4.2499962E-03
  2.5900000E-01  2.2570826E-01  1.0600101E-02  4.2949647E-03
  2.5800000E-01  2.2589759E-01  1.0651261E-02  4.3404374E-03
  2.5700000E-01  2.2608582E-01  1.0702607E-02  4.3864202E-03
  2.5600000E-01  2.2627295E-01  1.0754139E-02  4.4329192E-03
  2.5500000E-01  2.2645896E-01  1.0805856E-02  4.4799408E-03
  2.5400000E-01  2.2664384E-01  1.0857759E-02  4.5274911E-03
  2.5300000E-01  2.2682758E-01  1.0909847E-02  4.5755765E-03
  2.5200000E-01  2.2701017E-01  1.0962120E-02  4.6242033E-03
  2.5100000E-01  2.2719160E-01  1.1014577E-02  4.6733782E-03
  2.5000000E-01  2.2737186E-01  1.1067218E-02  4.7231077E-03
  2.4900000E-01  2.2755095E-01  1.1120042E-02  4.7733985E-03
  2.4800000E-01  2.2772884E-01  1.1173049E-02  4.8242573E-03
  2.4700000E-01  2.2790553E-01  1.1226239E-02  4.8756910E-03
  2.4600000E-01  2.2808101E-01  1.1279611E-02  4.9277064E-03
  2.4500000E-01  2.2825526E-01  1.1333165E-02  4.9803106E-03
  2.4400000E-01  2.2842828E-01  1.1386899E-02  5.0335107E-03
  2.4300000E-01  2.2860006E-01  1.1440814E-02  5.0873138E-03
  2.4200000E-01  2.2877058E-01  1.1494909E-02  5.1417272E-03
  2.4100000E-01  2.2893983E-01  1.1549182E-02  5.1967582E-03
  2.4000000E-01  2.2910780E-01  1.1603634E-02  5.2524144E-03
  2.3900000E-01  2.2927448E-01  1.1658264E-02  5.3087031E-03
  2.3800000E-01  2.2943985E-01  1.1713071E-02  5.3656321E-03
  2.3700000E-01  2.2960391E-01  1.1768054E-02  5.4232091E-03
  2.3600000E-01  2.2976665E-01  1.1823212E-02  5.4814419E-03
  2.3500000E-01  2.2992804E-01  1.1878545E-02  5.5403383E-03
  2.3400000E-01  2.3008809E-01  1.1934052E-02  5.5999064E-03
  2.3300000E-01  2.3024677E-01  1.1989731E-02  5.6601543E-03
  2.3200000E-01  2.3040407E-01  1.2045582E-02  5.7210901E-03
  2.3100000E-01  2.3055999E-01  1.2101604E-02  5.7827222E-03
  2.3000000E-01  2.3071451E-01  1.2157796E-02  5.8450590E-03
  2.2900000E-01  2.3086761E-01  1.2214157E-02  5.9081089E-03
  2.2800000E-01  2.3101929E-01  1.2270685E-02  5.9718806E-03
  2.2700000E-01  2.3116952E-01  1.2327380E-02  6.0363827E-03
  2.2600000E-01  2.3131831E-01  1.2384241E-02  6.1016240E-03
  2.2500000E-01  2.3146562E-01  1.2441265E-02  6.1676135E-03
  2.2400000E-01  2.3161146E-01  1.2498453E-02  6.2343602E-03
  2.2300000E-01  2.3175581E-01  1.2555802E-02  6.3018731E-03
  2.2200000E-01  2.3189865E-01  1.2613311E-02  6.3701616E-03
  2.2100000E-01  2.3203997E-01  1.2670980E-02  6.4392349E-03
  2.2000000E-01  2.3217975E-01  1.2728806E-02  6.5091025E-03
  2.1900000E-01  2.3231799E-01  1.2786788E-02  6.5797739E-03
  2.1800000E-01  2.3245467E-01  1.2844924E-02  6.6512589E-03
  2.1700000E-01  2.3258977E-01  1.2903214E-02  6.7235671E-03
  2.1600000E-01  2.3272328E-01  1.2961655E-02  6.7967085E-03
  2.1500000E-01  2.3285518E-01  1.3020246E-02  6.8706931E-03
  2.1400000E-01  2.3298547E-01  1.3078985E-02  6.9455311E-03
  2.1300000E-01  2.3311412E-01  1.3137870E-02  7.0212326E-03
  2.1200000E-01  2.3324112E-01  1.3196900E-02  7.0978080E-03
  2.1100000E-01  2.3336646E-01  1.3256072E-02  7.1752678E-03
  2.1000000E-01  2.3349011E-01  1.3315386E-02  7.2536226E-03
  2.0900000E-01  2.3361208E-01  1.3374838E-02  7.3328831E-03
  2.0800000E-01  2.3373233E-01  1.3434427E-02  7.4130602E-03
  2.0700000E-01  2.3385086E-01  1.3494151E-02  7.4941648E-03
  2.0600000E-01  2.3396764E-01  1.3554007E-02  7.5762079E-03
  2.0500000E-01  2.3408267E-01  1.3613995E-02  7.6592009E-03
  2.0400000E-01  2.3419593E-01  1.3674110E-02  7.7431550E-03
  2.0300000E-01  2.3430739E-01  1.3734352E-02  7.8280817E-03
  2.0200000E-01  2.3441706E-01  1.3794717E-02  7.9139926E-03
  2.0100000E-01  2.3452490E-01  1.3855204E-02  8.0008993E-03
  2.0000000E-01  2.3463090E-01  1.3915809E-02  8.0888138E-03
  1.9900000E-01  2.3473504E-01  1.3976532E-02  8.1777480E-03
  1.9800000E-01  2.3483732E-01  1.4037367E-02  8.2677140E-03
  1.9700000E-01  2.3493771E-01  1.4098315E-02  8.3587240E-03
  1.9600000E-01  2.3503619E-01  1.4159370E-02  8.4507904E-03
  1.9500000E-01  2.3513275E-01  1.4220532E-02  8.5439257E-03
  1.9400000E-01  2.3522737E-01  1.4281796E-02  8.6381426E-03
  1.9300000E-01  2.3532003E-01  1.4343161E-02  8.7334537E-03
  1.9200000E-01  2.3541072E-01  1.4404623E-02  8.8298720E-03
  1.9100000E-01  2.3549941E-01  1.4466178E-02  8.9274105E-03
  1.9000000E-01  2.3558610E-01  1.4527825E-02  9.0260824E-03
  1.8900000E-01  2.3567075E-01  1.4589560E-02  9.1259009E-03
  1.8800000E-01  2.3575336E-01  1.4651380E-02  9.2268795E-03
  1.8700000E-01  2.3583391E-01  1.4713281E-02  9.3290319E-03
  1.8600000E-01  2.3591237E-01  1.4775260E-02  9.4323716E-03
  1.8500000E-01  2.3598873E-01  1.4837313E-02  9.5369126E-03
  1.8400000E-01  2.3606297E-01  1.4899438E-02  9.6426688E-03
  1.8300000E-01  2.3613507E-01  1.4961630E-02  9.7496544E-03
  1.8200000E-01  2.3620501E-01  1.5023886E-02  9.8578836E-03
  1.8100000E-01  2.3627278E-01  1.5086203E-02  9.9673709E-03
  1.8000000E-01  2.3633835E-01  1.5148576E-02  1.0078131E-02
  1.7900000E-01  2.3640170E-01  1.5211001E-02  1.0190178E-02
  1.7800000E-01  2.3646282E-01  1.5273475E-02  1.0303527E-02
  1.7700000E-01  2.3652169E-01  1.5335993E-02  1.0418193E-02
  1.7600000E-01  2.3657828E-01  1.5398552E-02  1.0534191E-02
  1.7500000E-01  2.3663258E-01  1.5461147E-02  1.0651537E-02
  1.7400000E-01  2.3668456E-01  1.5523774E-02  1.0770246E-02
  1.7300000E-01  2.3673421E-01  1.5586429E-02  1.0890333E-02
  1.7200000E-01  2.3678150E-01  1.5649107E-02  1.1011813E-02
  1.7100000E-01  2.3682642E-01  1.5711804E-02  1.1134704E-02
  1.7000000E-01  2.3686895E-01  1.5774514E-02  1.1259020E-02
  1.6900000E-01  2.3690906E-01  1.5837235E-02  1.1384778E-02
  1.6800000E-01  2.3694673E-01  1.5899960E-02  1.1511994E-02
  1.6700000E-01  2.3698195E-01  1.5962684E-02  1.1640684E-02
  1.6600000E-01  2.3701469E-01  1.6025404E-02  1.1770865E-02
  1.6500000E-01  2.3704493E-01  1.6088114E-02  1.1902554E-02
  1.6400000E-01  2.3707264E-01  1.6150808E-02  1.2035766E-02
  1.6300000E-01  2.3709782E-01  1.6213483E-02  1.2170520E-02
  1.6200000E-01  2.3712044E-01  1.6276131E-02  1.2306832E-02
  1.6100000E-01  2.3714047E-01  1.6338749E-02  1.2444719E-02
  1.6000000E-01  2.3715790E-01  1.6401330E-02  1.2584199E-02
  1.5900000E-01  2.3717269E-01  1.6463869E-02  1.2725288E-02
  1.5800000E-01  2.3718484E-01  1.6526361E-02  1.2868005E-02
  1.5700000E-01  2.3719432E-01  1.6588799E-02  1.3012368E-02
  1.5600000E-01  2.3720111E-01  1.6651178E-02  1.3158393E-02
  1.5500000E-01  2.3720518E-01  1.6713492E-02  1.3306099E-02
  1.5400000E-01  2.3720651E-01  1.6775735E-02  1.3455504E-02
  1.5300000E-01  2.3720509E-01  1.6837901E-02  1.3606626E-02
  1.5200000E-01  2.3720088E-01  1.6899984E-02  1.3759483E-02
  1.5100000E-01  2.3719387E-01  1.6961978E-02  1.3914094E-02
  1.5000000E-01  2.3718404E-01  1.7023876E-02  1.4070477E-02
  1.4900000E-01  2.3717135E-01  1.7085671E-02  1.4228652E-02
  1.4800000E-01  2.3715580E-01  1.7147358E-02  1.4388635E-02
  1.4700000E-01  2.3713735E-01  1.7208929E-02  1.4550448E-02
  1.4600000E-01  2.3711598E-01  1.7270378E-02  1.4714107E-02
  1.4500000E-01  2.3709168E-01  1.7331698E-02  1.4879633E-02
  1.4400000E-01  2.3706442E-01  1.7392883E-02  1.5047045E-02
  1.4300000E-01  2.3703417E-01  1.7453925E-02  1.5216361E-02
  1.4200000E-01  2.3700091E-01  1.7514817E-02  1.5387601E-02
  1.4100000E-01  2.3696462E-01  1.7575552E-02  1.5560785E-02
  1.4000000E-01  2.3692528E-01  1.7636123E-02  1.5735931E-02
  1.3900000E-01  2.3688287E-01  1.7696522E-02  1.5913060E-02
  1.3800000E-01  2.3683736E-01  1.7756742E-02  1.6092192E-02
  1.3700000E-01  2.3678872E-01  1.7816776E-02  1.6273345E-02
  1.3600000E-01  2.3673695E-01  1.7876616E-02  1.6456540E-02
  1.3500000E-01  2.3668200E-01  1.7936253E-02  1.6641796E-02
  1.3400000E-01  2.3662387E-01  1.7995682E-02  1.6829134E-02
  1.3300000E-01  2.3656252E-01  1.8054893E-02  1.7018573E-02
  1.3200000E-01  2.3649794E-01  1.8113879E-02  1.7210133E-02
  1.3100000E-01  2.3643010E-01  1.8172631E-02  1.7403835E-02
  1.3000000E-01  2.3635898E-01  1.8231142E-02  1.7599698E-02
  1.2900000E-01  2.3628456E-01  1.8289403E-02  1.7797743E-02
  1.2800000E-01  2.3620681E-01  1.8347407E-02  1.7997990E-02
  1.2700000E-01  2.3612571E-01  1.8405144E-02  1.8200458E-02
  1.2600000E-01  2.3604124E-01  1.8462606E-02  1.8405169E-02
  1.2500000E-01  2.3595338E-01  1.8519786E-02  1.8612141E-02
  1.2400000E-01  2.3586211E-01  1.8576673E-02  1.8821396E-02
  1.2300000E-01  2.3576740E-01  1.8633261E-02  1.9032954E-02
  1.2200000E-01  2.3566922E-01  1.8689539E-02  1.9246835E-02
  1.2100000E-01  2.3556757E-01  1.8745500E-02  1.9463058E-02
  1.2000000E-01  2.3546241E-01  1.8801134E-02  1.9681644E-02
  1.1900000E-01  2.3535373E-01  1.8856432E-02  1.9902614E-02
  1.1800000E-01  2.3524151E-01  1.8911386E-02  2.0125986E-02
  1.1700000E-01  2.3512572E-01  1.8965986E-02  2.0351782E-02
  1.1600000E-01  2.3500633E-01  1.9020224E-02  2.0580020E-02
  1.1500000E-01  2.3488334E-01  1.9074089E-02  2.0810721E-02
  1.1400000E-01  2.3475673E-01  1.9127574E-02  2.1043905E-02
  1.1300000E-01  2.3462646E-01  1.9180669E-02  2.1279591E-02
  1.1200000E-01  2.3449252E-01  1.9233364E-02  2.1517799E-02
  1.1100000E-01  2.3435489E-01  1.9285650E-02  2.1758548E-02
  1.1000000E-01  2.3421355E-01  1.9337518E-02  2.2001858E-02
  1.0900000E-01  2.3406848E-01  1.9388958E-02  2.2247748E-02
  1.0800000E-01  2.3391966E-01  1.9439961E-02  2.2496236E-02
  1.0700000E-01  2.3376707E-01  1.9490518E-02  2.2747342E-02
  1.0600000E-01  2.3361070E-01  1.9540618E-02  2.3001085E-02
  1.0500000E-01  2.3345053E-01  1.9590253E-02  2.3257483E-02
  1.0400000E-01  2.3328653E-01  1.9639412E-02  2.3516554E-02
  1.0300000E-01  2.3311869E-01  1.9688086E-02  2.3778317E-02
  1.0200000E-01  2.3294700E-01  1.9736266E-02  2.4042790E-02
  1.0100000E-01  2.3277143E-01  1.9783942E-02  2.4309990E-02
  1.0000000E-01  2.3259197E-01  1.9831105E-02  2.4579935E-02
  9.9000000E-02  2.3240860E-01  1.9877743E-02  2.4852642E-02
  9.8000000E-02  2.3222132E-01  1.9923849E-02  2.5128129E-02
  9.7000000E-02  2.3203010E-01  1.9969413E-02  2.5406411E-02
  9.6000000E-02  2.3183492E-01  2.0014424E-02  2.5687506E-02
  9.5000000E-02  2.3163579E-01  2.0058873E-02  2.5971429E-02
  9.4000000E-02  2.3143267E-01  2.0102751E-02  2.6258197E-02
  9.3000000E-02  2.3122556E-01  2.0146048E-02  2.6547824E-02
  9.2000000E-02  2.3101445E-01  2.0188755E-02  2.6840326E-02
  9.1000000E-02  2.3079932E-01  2.0230862E-02  2.7135718E-02
  9.0000000E-02  2.3058017E-01  2.0272359E-02  2.7434014E-02
  8.9000000E-02  2.3035697E-01  2.0313237E-02  2.7735227E-02
  8.8000000E-02  2.3012973E-01  2.0353488E-02  2.8039372E-02
  8.7000000E-02  2.2989843E-01  2.0393100E-02  2.8346462E-02
  8.6000000E-02  2.2966306E-01  2.0432067E-02  2.8656508E-02
  8.5000000E-02  2.2942362E-01  2.0470377E-02  2.8969524E-02
  8.4000000E-02  2.2918010E-01  2.0508022E-02  2.9285520E-02
  8.3000000E-02  2.2893249E-01  2.0544993E-02  2.9604509E-02
  8.2000000E-02  2.2868079E-01  2.0581282E-02  2.9926501E-02
  8.1000000E-02  2.2842499E-01  2.0616878E-02  3.0251505E-02
  8.0000000E-02  2.2816508E-01  2.0651774E-02  3.0579532E-02
  7.9000000E-02  2.2790107E-01  2.0685961E-02  3.0910591E-02
  7.8000000E-02  2.2763295E-01  2.0719430E-02  3.1244688E-02
  7.7000000E-02  2.2736071E-01  2.0752172E-02  3.1581834E-02
  7.6000000E-02  2.2708437E-01  2.0784181E-02  3.1922033E-02
  7.5000000E-02  2.2680391E-01  2.0815446E-02  3.2265294E-02
  7.4000000E-02  2.2651935E-01  2.0845961E-02  3.2611621E-02
  7.3000000E-02  2.2623068E-01  2.0875717E-02  3.2961020E-02
  7.2000000E-02  2.2593790E-01  2.0904707E-02  3.3313495E-02
  7.1000000E-02  2.2564102E-01  2.0932923E-02  3.3669049E-02
  7.0000000E-02  2.2534005E-01  2.0960357E-02  3.4027686E-02
  6.9000000E-02  2.2503498E-01  2.0987003E-02  3.4389407E-02
  6.8000000E-02  2.2472584E-01  2.1012853E-02  3.4754213E-02
  6.7000000E-02  2.2441262E-01  2.1037900E-02  3.5122105E-02
  6.6000000E-02  2.2409534E-01  2.1062138E-02  3.5493083E-02
  6.5000000E-02  2.2377401E-01  2.1085560E-02  3.5867144E-02
  6.4000000E-02  2.2344864E-01  2.1108160E-02  3.6244287E-02
  6.3000000E-02  2.2311924E-01  2.1129931E-02  3.6624508E-02
  6.2000000E-02  2.2278584E-01  2.1150868E-02  3.7007804E-02
  6.1000000E-02  2.2244843E-01  2.1170966E-02  3.7394168E-02
  6.0000000E-02  2.2210705E-01  2.1190218E-02  3.7783596E-02
  5.9000000E-02  2.2176171E-01  2.1208620E-02  3.8176079E-02
  5.8000000E-02  2.2141243E-01  2.1226166E-02  3.8571610E-02
  5.7000000E-02  2.2105923E-01  2.1242853E-02  3.8970180E-02
  5.6000000E-02  2.2070214E-01  2.1258675E-02  3.9371778E-02
  5.5000000E-02  2.2034117E-01  2.1273628E-02  3.9776393E-02
  5.4000000E-02  2.1997637E-01  2.1287709E-02  4.0184011E-02
  5.3000000E-02  2.1960775E-01  2.1300915E-02  4.0594621E-02
  5.2000000E-02  2.1923534E-01  2.1313240E-02  4.1008207E-02
  5.1000000E-02  2.1885917E-01  2.1324684E-02  4.1424752E-02
  5.0000000E-02  2.1847928E-01  2.1335243E-02  4.1844240E-02
  4.9000000E-02  2.1809569E-01  2.1344914E-02  4.2266652E-02
  4.8000000E-02  2.1770846E-01  2.1353697E-02  4.2691969E-02
  4.7000000E-02  2.1731760E-01  2.1361588E-02  4.3120169E-02
  4.6000000E-02  2.1692317E-01  2.1368586E-02  4.3551230E-02
  4.5000000E-02  2.1652519E-01  2.1374691E-02  4.3985130E-02
  4.4000000E-02  2.1612373E-01  2.1379902E-02  4.4421842E-02
  4.3000000E-02  2.1571881E-01  2.1384219E-02  4.4861341E-02
  4.2000000E-02  2.1531048E-01  2.1387641E-02  4.5303600E-02
  4.1000000E-02  2.1489879E-01  2.1390168E-02  4.5748589E-02
  4.0000000E-02  2.1448380E-01  2.1391802E-02  4.6196278E-02
  3.9000000E-02  2.1406555E-01  2.1392544E-02  4.6646635E-02
  3.8000000E-02  2.1364409E-01  2.1392394E-02  4.7099628E-02
  3.7000000E-02  2.1321949E-01  2.1391356E-02  4.7555221E-02
  3.6000000E-02  2.1279179E-01  2.1389430E-02  4.8013380E-02
  3.5000000E-02  2.1236106E-01  2.1386621E-02  4.8474065E-02
  3.4000000E-02  2.1192736E-01  2.1382929E-02  4.8937240E-02
  3.3000000E-02  2.1149075E-01  2.1378360E-02  4.9402863E-02
  3.2000000E-02  2.1105129E-01  2.1372917E-02  4.9870892E-02
  3.1000000E-02  2.1060905E-01  2.1366604E-02  5.0341285E-02
  3.0000000E-02  2.1016411E-01  2.1359425E-02  5.0813996E-02
  2.9000000E-02  2.0971652E-01  2.1351386E-02  5.1288980E-02
  2.8000000E-02  2.0926636E-01  2.1342492E-02  5.1766188E-02
  2.7000000E-02  2.0881371E-01  2.1332749E-02  5.2245572E-02
  2.6000000E-02  2.0835865E-01  2.1322162E-02  5.2727081E-02
  2.5000000E-02  2.0790124E-01  2.1310740E-02  5.3210664E-02
  2.4000000E-02  2.0744157E-01  2.1298487E-02  5.3696265E-02
  2.3000000E-02  2.0697973E-01  2.1285413E-02  5.4183831E-02
  2.2000000E-02  2.0651579E-01  2.1271525E-02  5.4673305E-02
  2.1000000E-02  2.0604984E-01  2.1256831E-02  5.5164629E-02
  2.0000000E-02  2.0558198E-01  2.1241339E-02  5.5657743E-02
  1.9000000E-02  2.0511227E-01  2.1225060E-02  5.6152588E-02
  1.8000000E-02  2.0464083E-01  2.1208001E-02  5.6649101E-02
  1.7000000E-02  2.0416774E-01  2.1190173E-02  5.7147218E-02
  1.6000000E-02  2.0369309E-01  2.1171587E-02  5.7646875E-02
  1.5000000E-02  2.0321699E-01  2.1152252E-02  5.8148006E-02
  1.4000000E-02  2.0273952E-01  2.1132180E-02  5.8650543E-02
  1.3000000E-02  2.0226079E-01  2.1111382E-02  5.9154418E-02
  1.2000000E-02  2.0178091E-01  2.1089870E-02  5.9659560E-02
  1.1000000E-02  2.0129996E-01  2.1067656E-02  6.0165900E-02
  1.0000000E-02  2.0081806E-01  2.1044752E-02  6.0673363E-02
  9.0000000E-03  2.0033531E-01  2.1021171E-02  6.1181878E-02
  8.0000000E-03  1.9985182E-01  2.0996926E-02  6.1691369E-02
  7.0000000E-03  1.9936769E-01  2.0972031E-02  6.2201762E-02
  6.0000000E-03  1.9888304E-01  2.0946499E-02  6.2712979E-02
  5.0000000E-03  1.9839797E-01  2.0920344E-02  6.3224944E-02
  4.0000000E-03  1.9791260E-01  2.0893581E-02  6.3737577E-02
  3.0000000E-03  1.9742703E-01  2.0866224E-02  6.4250801E-02
  2.0000000E-03  1.9694139E-01  2.0838289E-02  6.4764535E-02
  1.0000000E-03  1.9645578E-01  2.0809790E-02  6.5278698E-02
 -8.8123953E-16  1.9597033E-01  2.0780743E-02  6.5793209E-02
