  1.0000000E+00  0.0000000E+00  0.0000000E+00  0.0000000E+00
  9.9900000E-01  3.3332592E-04  5.5627856E-09  6.1880905E-14
  9.9800000E-01  6.6663696E-04  2.2280126E-08  4.9627162E-13
  9.9700000E-01  9.9993307E-04  5.0195638E-08  1.6790628E-12
  9.9600000E-01  1.3332142E-03  8.9353130E-08  3.9898620E-12
  9.9500000E-01  1.6664803E-03  1.3979660E-07  7.8120247E-12
  9.9400000E-01  1.9997312E-03  2.0157024E-07  1.3532687E-11
  9.9300000E-01  2.3329670E-03  2.7471844E-07  2.1542797E-11
  9.9200000E-01  2.6661876E-03  3.5928577E-07  3.2237148E-11
  9.9100000E-01  2.9993928E-03  4.5531701E-07  4.6014410E-11
  9.9000000E-01  3.3325828E-03  5.6285713E-07  6.3277163E-11
  9.8900000E-01  3.6657573E-03  6.8195130E-07  8.4431933E-11
  9.8800000E-01  3.9989163E-03  8.1264489E-07  1.0988922E-10
  9.8700000E-01  4.3320598E-03  9.5498346E-07  1.4006354E-10
  9.8600000E-01  4.6651877E-03  1.1090128E-06  1.7537345E-10
  9.8500000E-01  4.9982999E-03  1.2747788E-06  2.1624158E-10
  9.8400000E-01  5.3313965E-03  1.4523277E-06  2.6309469E-10
  9.8300000E-01  5.6644772E-03  1.6417059E-06  3.1636368E-10
  9.8200000E-01  5.9975421E-03  1.8429600E-06  3.7648363E-10
  9.8100000E-01  6.3305911E-03  2.0561366E-06  4.4389386E-10
  9.8000000E-01  6.6636241E-03  2.2812829E-06  5.1903793E-10
  9.7900000E-01  6.9966411E-03  2.5184460E-06  6.0236368E-10
  9.7800000E-01  7.3296419E-03  2.7676734E-06  6.9432331E-10
  9.7700000E-01  7.6626267E-03  3.0290126E-06  7.9537338E-10
  9.7600000E-01  7.9955951E-03  3.3025114E-06  9.0597482E-10
  9.7500000E-01  8.3285473E-03  3.5882180E-06  1.0265930E-09
  9.7400000E-01  8.6614832E-03  3.8861806E-06  1.1576979E-09
  9.7300000E-01  8.9944026E-03  4.1964476E-06  1.2997638E-09
  9.7200000E-01  9.3273055E-03  4.5190678E-06  1.4532698E-09
  9.7100000E-01  9.6601918E-03  4.8540900E-06  1.6186992E-09
  9.7000000E-01  9.9930616E-03  5.2015633E-06  1.7965404E-09
  9.6900000E-01  1.0325915E-02  5.5615372E-06  1.9872861E-09
  9.6800000E-01  1.0658751E-02  5.9340611E-06  2.1914340E-09
  9.6700000E-01  1.0991570E-02  6.3191848E-06  2.4094863E-09
  9.6600000E-01  1.1324373E-02  6.7169584E-06  2.6419501E-09
  9.6500000E-01  1.1657159E-02  7.1274321E-06  2.8893375E-09
  9.6400000E-01  1.1989927E-02  7.5506563E-06  3.1521652E-09
  9.6300000E-01  1.2322679E-02  7.9866817E-06  3.4309550E-09
  9.6200000E-01  1.2655413E-02  8.4355592E-06  3.7262335E-09
  9.6100000E-01  1.2988130E-02  8.8973400E-06  4.0385325E-09
  9.6000000E-01  1.3320830E-02  9.3720753E-06  4.3683888E-09
  9.5900000E-01  1.3653512E-02  9.8598169E-06  4.7163441E-09
  9.5800000E-01  1.3986177E-02  1.0360617E-05  5.0829455E-09
  9.5700000E-01  1.4318825E-02  1.0874526E-05  5.4687451E-09
  9.5600000E-01  1.4651455E-02  1.1401598E-05  5.8743003E-09
  9.5500000E-01  1.4984067E-02  1.1941885E-05  6.3001736E-09
  9.5400000E-01  1.5316662E-02  1.2495440E-05  6.7469332E-09
  9.5300000E-01  1.5649238E-02  1.3062315E-05  7.2151522E-09
  9.5200000E-01  1.5981797E-02  1.3642565E-05  7.7054094E-09
  9.5100000E-01  1.6314338E-02  1.4236242E-05  8.2182890E-09
  9.5000000E-01  1.6646861E-02  1.4843399E-05  8.7543806E-09
  9.4900000E-01  1.6979366E-02  1.5464093E-05  9.3142793E-09
  9.4800000E-01  1.7311852E-02  1.6098375E-05  9.8985861E-09
  9.4700000E-01  1.7644321E-02  1.6746301E-05  1.0507907E-08
  9.4600000E-01  1.7976771E-02  1.7407926E-05  1.1142855E-08
  9.4500000E-01  1.8309203E-02  1.8083304E-05  1.1804047E-08
  9.4400000E-01  1.8641616E-02  1.8772491E-05  1.2492107E-08
  9.4300000E-01  1.8974011E-02  1.9475542E-05  1.3207665E-08
  9.4200000E-01  1.9306387E-02  2.0192513E-05  1.3951355E-08
  9.4100000E-01  1.9638744E-02  2.0923460E-05  1.4723820E-08
  9.4000000E-01  1.9971083E-02  2.1668439E-05  1.5525706E-08
  9.3900000E-01  2.0303403E-02  2.2427506E-05  1.6357667E-08
  9.3800000E-01  2.0635704E-02  2.3200719E-05  1.7220362E-08
  9.3700000E-01  2.0967986E-02  2.3988134E-05  1.8114457E-08
  9.3600000E-01  2.1300249E-02  2.4789809E-05  1.9040623E-08
  9.3500000E-01  2.1632492E-02  2.5605800E-05  1.9999539E-08
  9.3400000E-01  2.1964717E-02  2.6436167E-05  2.0991889E-08
  9.3300000E-01  2.2296922E-02  2.7280966E-05  2.2018363E-08
  9.3200000E-01  2.2629108E-02  2.8140257E-05  2.3079659E-08
  9.3100000E-01  2.2961274E-02  2.9014097E-05  2.4176480E-08
  9.3000000E-01  2.3293421E-02  2.9902546E-05  2.5309536E-08
  9.2900000E-01  2.3625548E-02  3.0805663E-05  2.6479544E-08
  9.2800000E-01  2.3957656E-02  3.1723507E-05  2.7687228E-08
  9.2700000E-01  2.4289744E-02  3.2656138E-05  2.8933316E-08
  9.2600000E-01  2.4621811E-02  3.3603616E-05  3.0218547E-08
  9.2500000E-01  2.4953859E-02  3.4566001E-05  3.1543663E-08
  9.2400000E-01  2.5285887E-02  3.5543354E-05  3.2909415E-08
  9.2300000E-01  2.5617895E-02  3.6535735E-05  3.4316560E-08
  9.2200000E-01  2.5949883E-02  3.7543205E-05  3.5765863E-08
  9.2100000E-01  2.6281850E-02  3.8565826E-05  3.7258095E-08
  9.2000000E-01  2.6613797E-02  3.9603659E-05  3.8794035E-08
  9.1900000E-01  2.6945724E-02  4.0656767E-05  4.0374468E-08
  9.1800000E-01  2.7277630E-02  4.1725212E-05  4.2000188E-08
  9.1700000E-01  2.7609515E-02  4.2809055E-05  4.3671994E-08
  9.1600000E-01  2.7941380E-02  4.3908360E-05  4.5390694E-08
  9.1500000E-01  2.8273224E-02  4.5023191E-05  4.7157104E-08
  9.1400000E-01  2.8605047E-02  4.6153609E-05  4.8972045E-08
  9.1300000E-01  2.8936849E-02  4.7299680E-05  5.0836348E-08
  9.1200000E-01  2.9268630E-02  4.8461466E-05  5.2750850E-08
  9.1100000E-01  2.9600390E-02  4.9639033E-05  5.4716398E-08
  9.1000000E-01  2.9932129E-02  5.0832444E-05  5.6733844E-08
  9.0900000E-01  3.0263846E-02  5.2041766E-05  5.8804048E-08
  9.0800000E-01  3.0595542E-02  5.3267062E-05  6.0927881E-08
  9.0700000E-01  3.0927217E-02  5.4508398E-05  6.3106219E-08
  9.0600000E-01  3.1258870E-02  5.5765841E-05  6.5339946E-08
  9.0500000E-01  3.1590501E-02  5.7039456E-05  6.7629956E-08
  9.0400000E-01  3.1922111E-02  5.8329309E-05  6.9977150E-08
  9.0300000E-01  3.2253699E-02  5.9635468E-05  7.2382437E-08
  9.0200000E-01  3.2585265E-02  6.0958000E-05  7.4846735E-08
  9.0100000E-01  3.2916808E-02  6.2296971E-05  7.7370971E-08
  9.0000000E-01  3.3248330E-02  6.3652450E-05  7.9956078E-08
  8.9900000E-01  3.3579830E-02  6.5024504E-05  8.2602999E-08
  8.9800000E-01  3.3911307E-02  6.6413202E-05  8.5312687E-08
  8.9700000E-01  3.4242762E-02  6.7818612E-05  8.8086102E-08
  8.9600000E-01  3.4574194E-02  6.9240804E-05  9.0924214E-08
  8.9500000E-01  3.4905604E-02  7.0679847E-05  9.3827999E-08
  8.9400000E-01  3.5236991E-02  7.2135809E-05  9.6798445E-08
  8.9300000E-01  3.5568355E-02  7.3608763E-05  9.9836548E-08
  8.9200000E-01  3.5899697E-02  7.5098776E-05  1.0294331E-07
  8.9100000E-01  3.6231015E-02  7.6605921E-05  1.0611975E-07
  8.9000000E-01  3.6562311E-02  7.8130268E-05  1.0936690E-07
  8.8900000E-01  3.6893583E-02  7.9671889E-05  1.1268577E-07
  8.8800000E-01  3.7224832E-02  8.1230855E-05  1.1607742E-07
  8.8700000E-01  3.7556058E-02  8.2807237E-05  1.1954289E-07
  8.8600000E-01  3.7887260E-02  8.4401109E-05  1.2308325E-07
  8.8500000E-01  3.8218439E-02  8.6012544E-05  1.2669957E-07
  8.8400000E-01  3.8549594E-02  8.7641613E-05  1.3039292E-07
  8.8300000E-01  3.8880725E-02  8.9288391E-05  1.3416441E-07
  8.8200000E-01  3.9211833E-02  9.0952951E-05  1.3801513E-07
  8.8100000E-01  3.9542916E-02  9.2635367E-05  1.4194618E-07
  8.8000000E-01  3.9873976E-02  9.4335714E-05  1.4595869E-07
  8.7900000E-01  4.0205011E-02  9.6054066E-05  1.5005380E-07
  8.7800000E-01  4.0536022E-02  9.7790499E-05  1.5423263E-07
  8.7700000E-01  4.0867009E-02  9.9545088E-05  1.5849635E-07
  8.7600000E-01  4.1197971E-02  1.0131791E-04  1.6284611E-07
  8.7500000E-01  4.1528909E-02  1.0310904E-04  1.6728309E-07
  8.7400000E-01  4.1859822E-02  1.0491855E-04  1.7180847E-07
  8.7300000E-01  4.2190711E-02  1.0674653E-04  1.7642344E-07
  8.7200000E-01  4.2521574E-02  1.0859304E-04  1.8112920E-07
  8.7100000E-01  4.2852413E-02  1.1045818E-04  1.8592698E-07
  8.7000000E-01  4.3183226E-02  1.1234200E-04  1.9081799E-07
  8.6900000E-01  4.3514014E-02  1.1424461E-04  1.9580348E-07
  8.6800000E-01  4.3844777E-02  1.1616606E-04  2.0088470E-07
  8.6700000E-01  4.4175515E-02  1.1810644E-04  2.0606290E-07
  8.6600000E-01  4.4506227E-02  1.2006584E-04  2.1133935E-07
  8.6500000E-01  4.4836913E-02  1.2204433E-04  2.1671534E-07
  8.6400000E-01  4.5167574E-02  1.2404199E-04  2.2219217E-07
  8.6300000E-01  4.5498209E-02  1.2605890E-04  2.2777113E-07
  8.6200000E-01  4.5828817E-02  1.2809515E-04  2.3345355E-07
  8.6100000E-01  4.6159400E-02  1.3015081E-04  2.3924076E-07
  8.6000000E-01  4.6489957E-02  1.3222596E-04  2.4513410E-07
  8.5900000E-01  4.6820487E-02  1.3432070E-04  2.5113491E-07
  8.5800000E-01  4.7150991E-02  1.3643510E-04  2.5724458E-07
  8.5700000E-01  4.7481469E-02  1.3856925E-04  2.6346448E-07
  8.5600000E-01  4.7811919E-02  1.4072323E-04  2.6979599E-07
  8.5500000E-01  4.8142343E-02  1.4289712E-04  2.7624053E-07
  8.5400000E-01  4.8472741E-02  1.4509100E-04  2.8279950E-07
  8.5300000E-01  4.8803111E-02  1.4730497E-04  2.8947435E-07
  8.5200000E-01  4.9133454E-02  1.4953911E-04  2.9626650E-07
  8.5100000E-01  4.9463770E-02  1.5179350E-04  3.0317742E-07
  8.5000000E-01  4.9794059E-02  1.5406823E-04  3.1020858E-07
  8.4900000E-01  5.0124320E-02  1.5636339E-04  3.1736145E-07
  8.4800000E-01  5.0454554E-02  1.5867906E-04  3.2463753E-07
  8.4700000E-01  5.0784759E-02  1.6101533E-04  3.3203833E-07
  8.4600000E-01  5.1114938E-02  1.6337229E-04  3.3956538E-07
  8.4500000E-01  5.1445088E-02  1.6575003E-04  3.4722020E-07
  8.4400000E-01  5.1775210E-02  1.6814864E-04  3.5500435E-07
  8.4300000E-01  5.2105304E-02  1.7056819E-04  3.6291939E-07
  8.4200000E-01  5.2435370E-02  1.7300880E-04  3.7096691E-07
  8.4100000E-01  5.2765407E-02  1.7547053E-04  3.7914848E-07
  8.4000000E-01  5.3095416E-02  1.7795349E-04  3.8746573E-07
  8.3900000E-01  5.3425396E-02  1.8045777E-04  3.9592026E-07
  8.3800000E-01  5.3755348E-02  1.8298346E-04  4.0451372E-07
  8.3700000E-01  5.4085270E-02  1.8553064E-04  4.1324776E-07
  8.3600000E-01  5.4415164E-02  1.8809942E-04  4.2212404E-07
  8.3500000E-01  5.4745028E-02  1.9068988E-04  4.3114425E-07
  8.3400000E-01  5.5074863E-02  1.9330211E-04  4.4031007E-07
  8.3300000E-01  5.5404669E-02  1.9593622E-04  4.4962322E-07
  8.3200000E-01  5.5734445E-02  1.9859230E-04  4.5908543E-07
  8.3100000E-01  5.6064192E-02  2.0127043E-04  4.6869845E-07
  8.3000000E-01  5.6393908E-02  2.0397072E-04  4.7846401E-07
  8.2900000E-01  5.6723595E-02  2.0669326E-04  4.8838392E-07
  8.2800000E-01  5.7053252E-02  2.0943815E-04  4.9845994E-07
  8.2700000E-01  5.7382878E-02  2.1220548E-04  5.0869389E-07
  8.2600000E-01  5.7712474E-02  2.1499535E-04  5.1908759E-07
  8.2500000E-01  5.8042040E-02  2.1780786E-04  5.2964288E-07
  8.2400000E-01  5.8371575E-02  2.2064310E-04  5.4036161E-07
  8.2300000E-01  5.8701080E-02  2.2350118E-04  5.5124567E-07
  8.2200000E-01  5.9030553E-02  2.2638220E-04  5.6229693E-07
  8.2100000E-01  5.9359996E-02  2.2928625E-04  5.7351730E-07
  8.2000000E-01  5.9689407E-02  2.3221343E-04  5.8490872E-07
  8.1900000E-01  6.0018787E-02  2.3516384E-04  5.9647311E-07
  8.1800000E-01  6.0348136E-02  2.3813759E-04  6.0821243E-07
  8.1700000E-01  6.0677453E-02  2.4113478E-04  6.2012868E-07
  8.1600000E-01  6.1006739E-02  2.4415551E-04  6.3222383E-07
  8.1500000E-01  6.1335993E-02  2.4719987E-04  6.4449990E-07
  8.1400000E-01  6.1665214E-02  2.5026799E-04  6.5695892E-07
  8.1300000E-01  6.1994404E-02  2.5335995E-04  6.6960295E-07
  8.1200000E-01  6.2323561E-02  2.5647586E-04  6.8243404E-07
  8.1100000E-01  6.2652686E-02  2.5961583E-04  6.9545429E-07
  8.1000000E-01  6.2981779E-02  2.6277996E-04  7.0866580E-07
  8.0900000E-01  6.3310839E-02  2.6596836E-04  7.2207069E-07
  8.0800000E-01  6.3639866E-02  2.6918114E-04  7.3567111E-07
  8.0700000E-01  6.3968860E-02  2.7241840E-04  7.4946923E-07
  8.0600000E-01  6.4297821E-02  2.7568024E-04  7.6346721E-07
  8.0500000E-01  6.4626748E-02  2.7896679E-04  7.7766728E-07
  8.0400000E-01  6.4955642E-02  2.8227814E-04  7.9207164E-07
  8.0300000E-01  6.5284503E-02  2.8561441E-04  8.0668254E-07
  8.0200000E-01  6.5613330E-02  2.8897570E-04  8.2150225E-07
  8.0100000E-01  6.5942123E-02  2.9236212E-04  8.3653305E-07
  8.0000000E-01  6.6270882E-02  2.9577379E-04  8.5177724E-07
  7.9900000E-01  6.6599607E-02  2.9921082E-04  8.6723715E-07
  7.9800000E-01  6.6928297E-02  3.0267332E-04  8.8291512E-07
  7.9700000E-01  6.7256953E-02  3.0616140E-04  8.9881353E-07
  7.9600000E-01  6.7585575E-02  3.0967517E-04  9.1493476E-07
  7.9500000E-01  6.7914162E-02  3.1321476E-04  9.3128122E-07
  7.9400000E-01  6.8242713E-02  3.1678027E-04  9.4785534E-07
  7.9300000E-01  6.8571230E-02  3.2037181E-04  9.6465958E-07
  7.9200000E-01  6.8899711E-02  3.2398951E-04  9.8169642E-07
  7.9100000E-01  6.9228157E-02  3.2763348E-04  9.9896836E-07
  7.9000000E-01  6.9556567E-02  3.3130384E-04  1.0164779E-06
  7.8900000E-01  6.9884942E-02  3.3500070E-04  1.0342276E-06
  7.8800000E-01  7.0213281E-02  3.3872418E-04  1.0522201E-06
  7.8700000E-01  7.0541583E-02  3.4247440E-04  1.0704579E-06
  7.8600000E-01  7.0869850E-02  3.4625148E-04  1.0889436E-06
  7.8500000E-01  7.1198080E-02  3.5005555E-04  1.1076799E-06
  7.8400000E-01  7.1526273E-02  3.5388671E-04  1.1266695E-06
  7.8300000E-01  7.1854430E-02  3.5774509E-04  1.1459149E-06
  7.8200000E-01  7.2182550E-02  3.6163082E-04  1.1654191E-06
  7.8100000E-01  7.2510633E-02  3.6554402E-04  1.1851846E-06
  7.8000000E-01  7.2838678E-02  3.6948480E-04  1.2052142E-06
  7.7900000E-01  7.3166686E-02  3.7345329E-04  1.2255108E-06
  7.7800000E-01  7.3494657E-02  3.7744962E-04  1.2460771E-06
  7.7700000E-01  7.3822590E-02  3.8147392E-04  1.2669161E-06
  7.7600000E-01  7.4150485E-02  3.8552630E-04  1.2880304E-06
  7.7500000E-01  7.4478342E-02  3.8960689E-04  1.3094231E-06
  7.7400000E-01  7.4806160E-02  3.9371583E-04  1.3310971E-06
  7.7300000E-01  7.5133941E-02  3.9785323E-04  1.3530552E-06
  7.7200000E-01  7.5461682E-02  4.0201923E-04  1.3753005E-06
  7.7100000E-01  7.5789385E-02  4.0621396E-04  1.3978360E-06
  7.7000000E-01  7.6117049E-02  4.1043755E-04  1.4206647E-06
  7.6900000E-01  7.6444674E-02  4.1469012E-04  1.4437896E-06
  7.6800000E-01  7.6772259E-02  4.1897180E-04  1.4672139E-06
  7.6700000E-01  7.7099805E-02  4.2328274E-04  1.4909405E-06
  7.6600000E-01  7.7427311E-02  4.2762306E-04  1.5149728E-06
  7.6500000E-01  7.7754777E-02  4.3199289E-04  1.5393138E-06
  7.6400000E-01  7.8082204E-02  4.3639238E-04  1.5639667E-06
  7.6300000E-01  7.8409590E-02  4.4082164E-04  1.5889348E-06
  7.6200000E-01  7.8736935E-02  4.4528083E-04  1.6142213E-06
  7.6100000E-01  7.9064240E-02  4.4977007E-04  1.6398295E-06
  7.6000000E-01  7.9391504E-02  4.5428951E-04  1.6657627E-06
  7.5900000E-01  7.9718728E-02  4.5883927E-04  1.6920243E-06
  7.5800000E-01  8.0045910E-02  4.6341951E-04  1.7186176E-06
  7.5700000E-01  8.0373050E-02  4.6803035E-04  1.7455460E-06
  7.5600000E-01  8.0700149E-02  4.7267194E-04  1.7728130E-06
  7.5500000E-01  8.1027207E-02  4.7734441E-04  1.8004221E-06
  7.5400000E-01  8.1354222E-02  4.8204792E-04  1.8283767E-06
  7.5300000E-01  8.1681195E-02  4.8678260E-04  1.8566803E-06
  7.5200000E-01  8.2008126E-02  4.9154859E-04  1.8853367E-06
  7.5100000E-01  8.2335015E-02  4.9634604E-04  1.9143493E-06
  7.5000000E-01  8.2661860E-02  5.0117510E-04  1.9437217E-06
  7.4900000E-01  8.2988663E-02  5.0603590E-04  1.9734577E-06
  7.4800000E-01  8.3315423E-02  5.1092860E-04  2.0035610E-06
  7.4700000E-01  8.3642139E-02  5.1585334E-04  2.0340352E-06
  7.4600000E-01  8.3968812E-02  5.2081027E-04  2.0648842E-06
  7.4500000E-01  8.4295440E-02  5.2579953E-04  2.0961117E-06
  7.4400000E-01  8.4622025E-02  5.3082128E-04  2.1277216E-06
  7.4300000E-01  8.4948566E-02  5.3587567E-04  2.1597178E-06
  7.4200000E-01  8.5275063E-02  5.4096285E-04  2.1921042E-06
  7.4100000E-01  8.5601515E-02  5.4608297E-04  2.2248846E-06
  7.4000000E-01  8.5927922E-02  5.5123618E-04  2.2580632E-06
  7.3900000E-01  8.6254284E-02  5.5642264E-04  2.2916439E-06
  7.3800000E-01  8.6580601E-02  5.6164249E-04  2.3256308E-06
  7.3700000E-01  8.6906872E-02  5.6689591E-04  2.3600279E-06
  7.3600000E-01  8.7233098E-02  5.7218303E-04  2.3948395E-06
  7.3500000E-01  8.7559278E-02  5.7750402E-04  2.4300696E-06
  7.3400000E-01  8.7885412E-02  5.8285904E-04  2.4657225E-06
  7.3300000E-01  8.8211499E-02  5.8824825E-04  2.5018025E-06
  7.3200000E-01  8.8537540E-02  5.9367180E-04  2.5383137E-06
  7.3100000E-01  8.8863535E-02  5.9912985E-04  2.5752606E-06
  7.3000000E-01  8.9189482E-02  6.0462257E-04  2.6126476E-06
  7.2900000E-01  8.9515382E-02  6.1015012E-04  2.6504789E-06
  7.2800000E-01  8.9841235E-02  6.1571266E-04  2.6887591E-06
  7.2700000E-01  9.0167040E-02  6.2131036E-04  2.7274927E-06
  7.2600000E-01  9.0492798E-02  6.2694337E-04  2.7666842E-06
  7.2500000E-01  9.0818507E-02  6.3261188E-04  2.8063382E-06
  7.2400000E-01  9.1144168E-02  6.3831603E-04  2.8464593E-06
  7.2300000E-01  9.1469780E-02  6.4405601E-04  2.8870521E-06
  7.2200000E-01  9.1795344E-02  6.4983198E-04  2.9281214E-06
  7.2100000E-01  9.2120858E-02  6.5564410E-04  2.9696719E-06
  7.2000000E-01  9.2446324E-02  6.6149256E-04  3.0117084E-06
  7.1900000E-01  9.2771740E-02  6.6737752E-04  3.0542358E-06
  7.1800000E-01  9.3097106E-02  6.7329915E-04  3.0972588E-06
  7.1700000E-01  9.3422422E-02  6.7925763E-04  3.1407825E-06
  7.1600000E-01  9.3747688E-02  6.8525314E-04  3.1848119E-06
  7.1500000E-01  9.4072903E-02  6.9128584E-04  3.2293519E-06
  7.1400000E-01  9.4398068E-02  6.9735591E-04  3.2744076E-06
  7.1300000E-01  9.4723182E-02  7.0346354E-04  3.3199842E-06
  7.1200000E-01  9.5048245E-02  7.0960889E-04  3.3660868E-06
  7.1100000E-01  9.5373256E-02  7.1579216E-04  3.4127206E-06
  7.1000000E-01  9.5698215E-02  7.2201352E-04  3.4598908E-06
  7.0900000E-01  9.6023123E-02  7.2827314E-04  3.5076029E-06
  7.0800000E-01  9.6347979E-02  7.3457123E-04  3.5558621E-06
  7.0700000E-01  9.6672782E-02  7.4090794E-04  3.6046739E-06
  7.0600000E-01  9.6997532E-02  7.4728349E-04  3.6540437E-06
  7.0500000E-01  9.7322229E-02  7.5369804E-04  3.7039771E-06
  7.0400000E-01  9.7646873E-02  7.6015178E-04  3.7544796E-06
  7.0300000E-01  9.7971464E-02  7.6664491E-04  3.8055568E-06
  7.0200000E-01  9.8296001E-02  7.7317761E-04  3.8572144E-06
  7.0100000E-01  9.8620484E-02  7.7975007E-04  3.9094581E-06
  7.0000000E-01  9.8944913E-02  7.8636249E-04  3.9622938E-06
  6.9900000E-01  9.9269287E-02  7.9301504E-04  4.0157272E-06
  6.9800000E-01  9.9593606E-02  7.9970794E-04  4.0697643E-06
  6.9700000E-01  9.9917871E-02  8.0644137E-04  4.1244109E-06
  6.9600000E-01  1.0024208E-01  8.1321553E-04  4.1796732E-06
  6.9500000E-01  1.0056623E-01  8.2003062E-04  4.2355571E-06
  6.9400000E-01  1.0089033E-01  8.2688683E-04  4.2920687E-06
  6.9300000E-01  1.0121437E-01  8.3378436E-04  4.3492143E-06
  6.9200000E-01  1.0153836E-01  8.4072341E-04  4.4070001E-06
  6.9100000E-01  1.0186229E-01  8.4770419E-04  4.4654324E-06
  6.9000000E-01  1.0218616E-01  8.5472689E-04  4.5245174E-06
  6.8900000E-01  1.0250997E-01  8.6179172E-04  4.5842618E-06
  6.8800000E-01  1.0283373E-01  8.6889889E-04  4.6446718E-06
  6.8700000E-01  1.0315743E-01  8.7604859E-04  4.7057541E-06
  6.8600000E-01  1.0348107E-01  8.8324105E-04  4.7675152E-06
  6.8500000E-01  1.0380465E-01  8.9047646E-04  4.8299619E-06
  6.8400000E-01  1.0412817E-01  8.9775504E-04  4.8931008E-06
  6.8300000E-01  1.0445164E-01  9.0507699E-04  4.9569388E-06
  6.8200000E-01  1.0477504E-01  9.1244253E-04  5.0214826E-06
  6.8100000E-01  1.0509839E-01  9.1985188E-04  5.0867392E-06
  6.8000000E-01  1.0542167E-01  9.2730524E-04  5.1527157E-06
  6.7900000E-01  1.0574490E-01  9.3480284E-04  5.2194189E-06
  6.7800000E-01  1.0606806E-01  9.4234489E-04  5.2868562E-06
  6.7700000E-01  1.0639117E-01  9.4993161E-04  5.3550346E-06
  6.7600000E-01  1.0671421E-01  9.5756321E-04  5.4239615E-06
  6.7500000E-01  1.0703719E-01  9.6523992E-04  5.4936441E-06
  6.7400000E-01  1.0736011E-01  9.7296197E-04  5.5640899E-06
  6.7300000E-01  1.0768297E-01  9.8072957E-04  5.6353063E-06
  6.7200000E-01  1.0800576E-01  9.8854296E-04  5.7073008E-06
  6.7100000E-01  1.0832850E-01  9.9640235E-04  5.7800812E-06
  6.7000000E-01  1.0865117E-01  1.0043080E-03  5.8536550E-06
  6.6900000E-01  1.0897377E-01  1.0122601E-03  5.9280301E-06
  6.6800000E-01  1.0929632E-01  1.0202589E-03  6.0032142E-06
  6.6700000E-01  1.0961880E-01  1.0283046E-03  6.0792154E-06
  6.6600000E-01  1.0994121E-01  1.0363974E-03  6.1560415E-06
  6.6500000E-01  1.1026356E-01  1.0445377E-03  6.2337007E-06
  6.6400000E-01  1.1058585E-01  1.0527256E-03  6.3122011E-06
  6.6300000E-01  1.1090807E-01  1.0609614E-03  6.3915509E-06
  6.6200000E-01  1.1123022E-01  1.0692452E-03  6.4717585E-06
  6.6100000E-01  1.1155231E-01  1.0775774E-03  6.5528321E-06
  6.6000000E-01  1.1187433E-01  1.0859583E-03  6.6347804E-06
  6.5900000E-01  1.1219629E-01  1.0943879E-03  6.7176118E-06
  6.5800000E-01  1.1251818E-01  1.1028666E-03  6.8013350E-06
  6.5700000E-01  1.1284000E-01  1.1113946E-03  6.8859587E-06
  6.5600000E-01  1.1316175E-01  1.1199723E-03  6.9714916E-06
  6.5500000E-01  1.1348344E-01  1.1285997E-03  7.0579428E-06
  6.5400000E-01  1.1380505E-01  1.1372772E-03  7.1453211E-06
  6.5300000E-01  1.1412660E-01  1.1460050E-03  7.2336356E-06
  6.5200000E-01  1.1444808E-01  1.1547834E-03  7.3228955E-06
  6.5100000E-01  1.1476949E-01  1.1636126E-03  7.4131100E-06
  6.5000000E-01  1.1509084E-01  1.1724930E-03  7.5042885E-06
  6.4900000E-01  1.1541211E-01  1.1814246E-03  7.5964404E-06
  6.4800000E-01  1.1573331E-01  1.1904079E-03  7.6895751E-06
  6.4700000E-01  1.1605444E-01  1.1994430E-03  7.7837023E-06
  6.4600000E-01  1.1637549E-01  1.2085303E-03  7.8788317E-06
  6.4500000E-01  1.1669648E-01  1.2176700E-03  7.9749732E-06
  6.4400000E-01  1.1701740E-01  1.2268623E-03  8.0721365E-06
  6.4300000E-01  1.1733824E-01  1.2361076E-03  8.1703317E-06
  6.4200000E-01  1.1765901E-01  1.2454060E-03  8.2695689E-06
  6.4100000E-01  1.1797971E-01  1.2547580E-03  8.3698583E-06
  6.4000000E-01  1.1830033E-01  1.2641637E-03  8.4712101E-06
  6.3900000E-01  1.1862088E-01  1.2736234E-03  8.5736348E-06
  6.3800000E-01  1.1894135E-01  1.2831374E-03  8.6771429E-06
  6.3700000E-01  1.1926176E-01  1.2927059E-03  8.7817449E-06
  6.3600000E-01  1.1958208E-01  1.3023294E-03  8.8874516E-06
  6.3500000E-01  1.1990233E-01  1.3120079E-03  8.9942737E-06
  6.3400000E-01  1.2022251E-01  1.3217419E-03  9.1022222E-06
  6.3300000E-01  1.2054261E-01  1.3315316E-03  9.2113082E-06
  6.3200000E-01  1.2086263E-01  1.3413773E-03  9.3215427E-06
  6.3100000E-01  1.2118257E-01  1.3512792E-03  9.4329370E-06
  6.3000000E-01  1.2150244E-01  1.3612378E-03  9.5455025E-06
  6.2900000E-01  1.2182223E-01  1.3712532E-03  9.6592506E-06
  6.2800000E-01  1.2214194E-01  1.3813257E-03  9.7741930E-06
  6.2700000E-01  1.2246158E-01  1.3914557E-03  9.8903412E-06
  6.2600000E-01  1.2278113E-01  1.4016435E-03  1.0007707E-05
  6.2500000E-01  1.2310060E-01  1.4118893E-03  1.0126303E-05
  6.2400000E-01  1.2342000E-01  1.4221934E-03  1.0246140E-05
  6.2300000E-01  1.2373931E-01  1.4325562E-03  1.0367232E-05
  6.2200000E-01  1.2405855E-01  1.4429780E-03  1.0489589E-05
  6.2100000E-01  1.2437770E-01  1.4534591E-03  1.0613226E-05
  6.2000000E-01  1.2469677E-01  1.4639997E-03  1.0738153E-05
  6.1900000E-01  1.2501576E-01  1.4746002E-03  1.0864384E-05
  6.1800000E-01  1.2533467E-01  1.4852609E-03  1.0991932E-05
  6.1700000E-01  1.2565349E-01  1.4959822E-03  1.1120810E-05
  6.1600000E-01  1.2597223E-01  1.5067642E-03  1.1251030E-05
  6.1500000E-01  1.2629089E-01  1.5176074E-03  1.1382606E-05
  6.1400000E-01  1.2660946E-01  1.5285121E-03  1.1515552E-05
  6.1300000E-01  1.2692795E-01  1.5394786E-03  1.1649879E-05
  6.1200000E-01  1.2724635E-01  1.5505073E-03  1.1785604E-05
  6.1100000E-01  1.2756466E-01  1.5615983E-03  1.1922738E-05
  6.1000000E-01  1.2788289E-01  1.5727522E-03  1.2061296E-05
  6.0900000E-01  1.2820104E-01  1.5839692E-03  1.2201292E-05
  6.0800000E-01  1.2851910E-01  1.5952496E-03  1.2342740E-05
  6.0700000E-01  1.2883707E-01  1.6065938E-03  1.2485654E-05
  6.0600000E-01  1.2915495E-01  1.6180021E-03  1.2630049E-05
  6.0500000E-01  1.2947274E-01  1.6294749E-03  1.2775939E-05
  6.0400000E-01  1.2979044E-01  1.6410125E-03  1.2923340E-05
  6.0300000E-01  1.3010806E-01  1.6526152E-03  1.3072265E-05
  6.0200000E-01  1.3042558E-01  1.6642834E-03  1.3222731E-05
  6.0100000E-01  1.3074302E-01  1.6760175E-03  1.3374751E-05
  6.0000000E-01  1.3106036E-01  1.6878178E-03  1.3528343E-05
  5.9900000E-01  1.3137761E-01  1.6996846E-03  1.3683520E-05
  5.9800000E-01  1.3169478E-01  1.7116183E-03  1.3840300E-05
  5.9700000E-01  1.3201184E-01  1.7236193E-03  1.3998697E-05
  5.9600000E-01  1.3232882E-01  1.7356879E-03  1.4158727E-05
  5.9500000E-01  1.3264570E-01  1.7478245E-03  1.4320407E-05
  5.9400000E-01  1.3296249E-01  1.7600295E-03  1.4483754E-05
  5.9300000E-01  1.3327918E-01  1.7723032E-03  1.4648783E-05
  5.9200000E-01  1.3359578E-01  1.7846460E-03  1.4815511E-05
  5.9100000E-01  1.3391228E-01  1.7970582E-03  1.4983955E-05
  5.9000000E-01  1.3422869E-01  1.8095403E-03  1.5154132E-05
  5.8900000E-01  1.3454500E-01  1.8220926E-03  1.5326060E-05
  5.8800000E-01  1.3486121E-01  1.8347155E-03  1.5499755E-05
  5.8700000E-01  1.3517733E-01  1.8474094E-03  1.5675236E-05
  5.8600000E-01  1.3549335E-01  1.8601746E-03  1.5852519E-05
  5.8500000E-01  1.3580927E-01  1.8730116E-03  1.6031623E-05
  5.8400000E-01  1.3612508E-01  1.8859207E-03  1.6212566E-05
  5.8300000E-01  1.3644080E-01  1.8989024E-03  1.6395366E-05
  5.8200000E-01  1.3675642E-01  1.9119570E-03  1.6580042E-05
  5.8100000E-01  1.3707194E-01  1.9250849E-03  1.6766612E-05
  5.8000000E-01  1.3738736E-01  1.9382866E-03  1.6955096E-05
  5.7900000E-01  1.3770267E-01  1.9515624E-03  1.7145511E-05
  5.7800000E-01  1.3801789E-01  1.9649127E-03  1.7337878E-05
  5.7700000E-01  1.3833300E-01  1.9783380E-03  1.7532216E-05
  5.7600000E-01  1.3864800E-01  1.9918387E-03  1.7728545E-05
  5.7500000E-01  1.3896290E-01  2.0054151E-03  1.7926884E-05
  5.7400000E-01  1.3927770E-01  2.0190677E-03  1.8127254E-05
  5.7300000E-01  1.3959239E-01  2.0327969E-03  1.8329674E-05
  5.7200000E-01  1.3990697E-01  2.0466032E-03  1.8534166E-05
  5.7100000E-01  1.4022145E-01  2.0604869E-03  1.8740750E-05
  5.7000000E-01  1.4053582E-01  2.0744485E-03  1.8949447E-05
  5.6900000E-01  1.4085008E-01  2.0884884E-03  1.9160278E-05
  5.6800000E-01  1.4116424E-01  2.1026071E-03  1.9373264E-05
  5.6700000E-01  1.4147828E-01  2.1168050E-03  1.9588428E-05
  5.6600000E-01  1.4179221E-01  2.1310824E-03  1.9805791E-05
  5.6500000E-01  1.4210604E-01  2.1454400E-03  2.0025374E-05
  5.6400000E-01  1.4241975E-01  2.1598781E-03  2.0247201E-05
  5.6300000E-01  1.4273335E-01  2.1743972E-03  2.0471294E-05
  5.6200000E-01  1.4304684E-01  2.1889976E-03  2.0697675E-05
  5.6100000E-01  1.4336022E-01  2.2036800E-03  2.0926368E-05
  5.6000000E-01  1.4367348E-01  2.2184447E-03  2.1157396E-05
  5.5900000E-01  1.4398663E-01  2.2332922E-03  2.1390783E-05
  5.5800000E-01  1.4429966E-01  2.2482229E-03  2.1626551E-05
  5.5700000E-01  1.4461258E-01  2.2632374E-03  2.1864726E-05
  5.5600000E-01  1.4492538E-01  2.2783361E-03  2.2105331E-05
  5.5500000E-01  1.4523806E-01  2.2935194E-03  2.2348392E-05
  5.5400000E-01  1.4555063E-01  2.3087879E-03  2.2593932E-05
  5.5300000E-01  1.4586307E-01  2.3241421E-03  2.2841977E-05
  5.5200000E-01  1.4617540E-01  2.3395823E-03  2.3092552E-05
  5.5100000E-01  1.4648761E-01  2.3551092E-03  2.3345683E-05
  5.5000000E-01  1.4679970E-01  2.3707231E-03  2.3601395E-05
  5.4900000E-01  1.4711167E-01  2.3864247E-03  2.3859715E-05
  5.4800000E-01  1.4742351E-01  2.4022143E-03  2.4120670E-05
  5.4700000E-01  1.4773524E-01  2.4180925E-03  2.4384286E-05
  5.4600000E-01  1.4804684E-01  2.4340598E-03  2.4650589E-05
  5.4500000E-01  1.4835831E-01  2.4501168E-03  2.4919608E-05
  5.4400000E-01  1.4866966E-01  2.4662638E-03  2.5191370E-05
  5.4300000E-01  1.4898089E-01  2.4825014E-03  2.5465903E-05
  5.4200000E-01  1.4929199E-01  2.4988303E-03  2.5743235E-05
  5.4100000E-01  1.4960296E-01  2.5152507E-03  2.6023394E-05
  5.4000000E-01  1.4991380E-01  2.5317634E-03  2.6306410E-05
  5.3900000E-01  1.5022452E-01  2.5483688E-03  2.6592311E-05
  5.3800000E-01  1.5053511E-01  2.5650675E-03  2.6881127E-05
  5.3700000E-01  1.5084557E-01  2.5818599E-03  2.7172888E-05
  5.3600000E-01  1.5115589E-01  2.5987467E-03  2.7467624E-05
  5.3500000E-01  1.5146609E-01  2.6157284E-03  2.7765365E-05
  5.3400000E-01  1.5177615E-01  2.6328056E-03  2.8066142E-05
  5.3300000E-01  1.5208608E-01  2.6499787E-03  2.8369986E-05
  5.3200000E-01  1.5239587E-01  2.6672483E-03  2.8676929E-05
  5.3100000E-01  1.5270553E-01  2.6846151E-03  2.8987002E-05
  5.3000000E-01  1.5301506E-01  2.7020795E-03  2.9300238E-05
  5.2900000E-01  1.5332445E-01  2.7196422E-03  2.9616669E-05
  5.2800000E-01  1.5363370E-01  2.7373036E-03  2.9936328E-05
  5.2700000E-01  1.5394282E-01  2.7550645E-03  3.0259248E-05
  5.2600000E-01  1.5425179E-01  2.7729253E-03  3.0585463E-05
  5.2500000E-01  1.5456063E-01  2.7908867E-03  3.0915006E-05
  5.2400000E-01  1.5486932E-01  2.8089492E-03  3.1247913E-05
  5.2300000E-01  1.5517787E-01  2.8271135E-03  3.1584217E-05
  5.2200000E-01  1.5548629E-01  2.8453801E-03  3.1923954E-05
  5.2100000E-01  1.5579456E-01  2.8637496E-03  3.2267160E-05
  5.2000000E-01  1.5610268E-01  2.8822227E-03  3.2613870E-05
  5.1900000E-01  1.5641066E-01  2.9008000E-03  3.2964120E-05
  5.1800000E-01  1.5671849E-01  2.9194820E-03  3.3317947E-05
  5.1700000E-01  1.5702618E-01  2.9382694E-03  3.3675389E-05
  5.1600000E-01  1.5733372E-01  2.9571628E-03  3.4036483E-05
  5.1500000E-01  1.5764111E-01  2.9761628E-03  3.4401267E-05
  5.1400000E-01  1.5794836E-01  2.9952701E-03  3.4769779E-05
  5.1300000E-01  1.5825545E-01  3.0144854E-03  3.5142058E-05
  5.1200000E-01  1.5856239E-01  3.0338092E-03  3.5518143E-05
  5.1100000E-01  1.5886918E-01  3.0532422E-03  3.5898074E-05
  5.1000000E-01  1.5917582E-01  3.0727851E-03  3.6281892E-05
  5.0900000E-01  1.5948230E-01  3.0924384E-03  3.6669636E-05
  5.0800000E-01  1.5978863E-01  3.1122030E-03  3.7061348E-05
  5.0700000E-01  1.6009480E-01  3.1320794E-03  3.7457069E-05
  5.0600000E-01  1.6040081E-01  3.1520683E-03  3.7856841E-05
  5.0500000E-01  1.6070667E-01  3.1721704E-03  3.8260707E-05
  5.0400000E-01  1.6101237E-01  3.1923864E-03  3.8668710E-05
  5.0300000E-01  1.6131791E-01  3.2127169E-03  3.9080893E-05
  5.0200000E-01  1.6162329E-01  3.2331627E-03  3.9497299E-05
  5.0100000E-01  1.6192850E-01  3.2537244E-03  3.9917975E-05
  5.0000000E-01  1.6223356E-01  3.2744028E-03  4.0342964E-05
  4.9900000E-01  1.6253845E-01  3.2951985E-03  4.0772311E-05
  4.9800000E-01  1.6284317E-01  3.3161123E-03  4.1206064E-05
  4.9700000E-01  1.6314773E-01  3.3371449E-03  4.1644268E-05
  4.9600000E-01  1.6345213E-01  3.3582970E-03  4.2086970E-05
  4.9500000E-01  1.6375635E-01  3.3795693E-03  4.2534218E-05
  4.9400000E-01  1.6406041E-01  3.4009627E-03  4.2986060E-05
  4.9300000E-01  1.6436429E-01  3.4224777E-03  4.3442545E-05
  4.9200000E-01  1.6466801E-01  3.4441151E-03  4.3903723E-05
  4.9100000E-01  1.6497155E-01  3.4658758E-03  4.4369642E-05
  4.9000000E-01  1.6527492E-01  3.4877605E-03  4.4840353E-05
  4.8900000E-01  1.6557811E-01  3.5097698E-03  4.5315907E-05
  4.8800000E-01  1.6588113E-01  3.5319047E-03  4.5796357E-05
  4.8700000E-01  1.6618398E-01  3.5541658E-03  4.6281753E-05
  4.8600000E-01  1.6648664E-01  3.5765540E-03  4.6772149E-05
  4.8500000E-01  1.6678913E-01  3.5990700E-03  4.7267598E-05
  4.8400000E-01  1.6709143E-01  3.6217146E-03  4.7768155E-05
  4.8300000E-01  1.6739356E-01  3.6444886E-03  4.8273873E-05
  4.8200000E-01  1.6769550E-01  3.6673929E-03  4.8784809E-05
  4.8100000E-01  1.6799726E-01  3.6904282E-03  4.9301017E-05
  4.8000000E-01  1.6829884E-01  3.7135953E-03  4.9822555E-05
  4.7900000E-01  1.6860022E-01  3.7368951E-03  5.0349480E-05
  4.7800000E-01  1.6890143E-01  3.7603284E-03  5.0881850E-05
  4.7700000E-01  1.6920244E-01  3.7838961E-03  5.1419724E-05
  4.7600000E-01  1.6950326E-01  3.8075989E-03  5.1963160E-05
  4.7500000E-01  1.6980390E-01  3.8314377E-03  5.2512219E-05
  4.7400000E-01  1.7010434E-01  3.8554134E-03  5.3066962E-05
  4.7300000E-01  1.7040459E-01  3.8795268E-03  5.3627449E-05
  4.7200000E-01  1.7070464E-01  3.9037789E-03  5.4193744E-05
  4.7100000E-01  1.7100450E-01  3.9281704E-03  5.4765909E-05
  4.7000000E-01  1.7130416E-01  3.9527023E-03  5.5344008E-05
  4.6900000E-01  1.7160362E-01  3.9773754E-03  5.5928104E-05
  4.6800000E-01  1.7190288E-01  4.0021906E-03  5.6518264E-05
  4.6700000E-01  1.7220194E-01  4.0271489E-03  5.7114554E-05
  4.6600000E-01  1.7250080E-01  4.0522512E-03  5.7717039E-05
  4.6500000E-01  1.7279946E-01  4.0774983E-03  5.8325789E-05
  4.6400000E-01  1.7309791E-01  4.1028911E-03  5.8940870E-05
  4.6300000E-01  1.7339616E-01  4.1284307E-03  5.9562352E-05
  4.6200000E-01  1.7369419E-01  4.1541180E-03  6.0190306E-05
  4.6100000E-01  1.7399202E-01  4.1799539E-03  6.0824802E-05
  4.6000000E-01  1.7428964E-01  4.2059393E-03  6.1465911E-05
  4.5900000E-01  1.7458704E-01  4.2320752E-03  6.2113707E-05
  4.5800000E-01  1.7488424E-01  4.2583625E-03  6.2768263E-05
  4.5700000E-01  1.7518121E-01  4.2848024E-03  6.3429654E-05
  4.5600000E-01  1.7547798E-01  4.3113956E-03  6.4097953E-05
  4.5500000E-01  1.7577452E-01  4.3381433E-03  6.4773239E-05
  4.5400000E-01  1.7607085E-01  4.3650464E-03  6.5455587E-05
  4.5300000E-01  1.7636695E-01  4.3921060E-03  6.6145077E-05
  4.5200000E-01  1.7666283E-01  4.4193230E-03  6.6841786E-05
  4.5100000E-01  1.7695849E-01  4.4466984E-03  6.7545795E-05
  4.5000000E-01  1.7725393E-01  4.4742333E-03  6.8257185E-05
  4.4900000E-01  1.7754913E-01  4.5019288E-03  6.8976037E-05
  4.4800000E-01  1.7784411E-01  4.5297858E-03  6.9702436E-05
  4.4700000E-01  1.7813887E-01  4.5578055E-03  7.0436464E-05
  4.4600000E-01  1.7843338E-01  4.5859889E-03  7.1178207E-05
  4.4500000E-01  1.7872767E-01  4.6143370E-03  7.1927750E-05
  4.4400000E-01  1.7902172E-01  4.6428510E-03  7.2685181E-05
  4.4300000E-01  1.7931554E-01  4.6715319E-03  7.3450589E-05
  4.4200000E-01  1.7960912E-01  4.7003809E-03  7.4224062E-05
  4.4100000E-01  1.7990246E-01  4.7293990E-03  7.5005690E-05
  4.4000000E-01  1.8019556E-01  4.7585874E-03  7.5795566E-05
  4.3900000E-01  1.8048841E-01  4.7879471E-03  7.6593782E-05
  4.3800000E-01  1.8078103E-01  4.8174794E-03  7.7400432E-05
  4.3700000E-01  1.8107339E-01  4.8471853E-03  7.8215610E-05
  4.3600000E-01  1.8136551E-01  4.8770661E-03  7.9039413E-05
  4.3500000E-01  1.8165738E-01  4.9071228E-03  7.9871939E-05
  4.3400000E-01  1.8194900E-01  4.9373567E-03  8.0713286E-05
  4.3300000E-01  1.8224037E-01  4.9677689E-03  8.1563553E-05
  4.3200000E-01  1.8253148E-01  4.9983606E-03  8.2422842E-05
  4.3100000E-01  1.8282234E-01  5.0291331E-03  8.3291256E-05
  4.3000000E-01  1.8311294E-01  5.0600875E-03  8.4168897E-05
  4.2900000E-01  1.8340327E-01  5.0912250E-03  8.5055872E-05
  4.2800000E-01  1.8369335E-01  5.1225470E-03  8.5952285E-05
  4.2700000E-01  1.8398316E-01  5.1540545E-03  8.6858246E-05
  4.2600000E-01  1.8427271E-01  5.1857490E-03  8.7773862E-05
  4.2500000E-01  1.8456199E-01  5.2176316E-03  8.8699245E-05
  4.2400000E-01  1.8485100E-01  5.2497035E-03  8.9634505E-05
  4.2300000E-01  1.8513975E-01  5.2819662E-03  9.0579758E-05
  4.2200000E-01  1.8542821E-01  5.3144209E-03  9.1535116E-05
  4.2100000E-01  1.8571641E-01  5.3470689E-03  9.2500696E-05
  4.2000000E-01  1.8600432E-01  5.3799114E-03  9.3476616E-05
  4.1900000E-01  1.8629196E-01  5.4129500E-03  9.4462996E-05
  4.1800000E-01  1.8657932E-01  5.4461857E-03  9.5459955E-05
  4.1700000E-01  1.8686639E-01  5.4796201E-03  9.6467615E-05
  4.1600000E-01  1.8715318E-01  5.5132545E-03  9.7486102E-05
  4.1500000E-01  1.8743969E-01  5.5470902E-03  9.8515540E-05
  4.1400000E-01  1.8772590E-01  5.5811287E-03  9.9556056E-05
  4.1300000E-01  1.8801183E-01  5.6153712E-03  1.0060778E-04
  4.1200000E-01  1.8829746E-01  5.6498193E-03  1.0167084E-04
  4.1100000E-01  1.8858279E-01  5.6844744E-03  1.0274537E-04
  4.1000000E-01  1.8886783E-01  5.7193378E-03  1.0383150E-04
  4.0900000E-01  1.8915257E-01  5.7544111E-03  1.0492937E-04
  4.0800000E-01  1.8943701E-01  5.7896956E-03  1.0603912E-04
  4.0700000E-01  1.8972114E-01  5.8251929E-03  1.0716088E-04
  4.0600000E-01  1.9000497E-01  5.8609044E-03  1.0829480E-04
  4.0500000E-01  1.9028849E-01  5.8968316E-03  1.0944102E-04
  4.0400000E-01  1.9057170E-01  5.9329760E-03  1.1059968E-04
  4.0300000E-01  1.9085460E-01  5.9693392E-03  1.1177093E-04
  4.0200000E-01  1.9113718E-01  6.0059226E-03  1.1295492E-04
  4.0100000E-01  1.9141944E-01  6.0427278E-03  1.1415180E-04
  4.0000000E-01  1.9170139E-01  6.0797564E-03  1.1536172E-04
  3.9900000E-01  1.9198301E-01  6.1170100E-03  1.1658483E-04
  3.9800000E-01  1.9226431E-01  6.1544900E-03  1.1782130E-04
  3.9700000E-01  1.9254528E-01  6.1921982E-03  1.1907128E-04
  3.9600000E-01  1.9282593E-01  6.2301361E-03  1.2033493E-04
  3.9500000E-01  1.9310624E-01  6.2683054E-03  1.2161241E-04
  3.9400000E-01  1.9338622E-01  6.3067076E-03  1.2290389E-04
  3.9300000E-01  1.9366586E-01  6.3453446E-03  1.2420954E-04
  3.9200000E-01  1.9394516E-01  6.3842178E-03  1.2552953E-04
  3.9100000E-01  1.9422412E-01  6.4233290E-03  1.2686402E-04
  3.9000000E-01  1.9450274E-01  6.4626799E-03  1.2821320E-04
  3.8900000E-01  1.9478101E-01  6.5022722E-03  1.2957724E-04
  3.8800000E-01  1.9505893E-01  6.5421077E-03  1.3095631E-04
  3.8700000E-01  1.9533650E-01  6.5821880E-03  1.3235060E-04
  3.8600000E-01  1.9561371E-01  6.6225150E-03  1.3376029E-04
  3.8500000E-01  1.9589057E-01  6.6630904E-03  1.3518557E-04
  3.8400000E-01  1.9616707E-01  6.7039159E-03  1.3662663E-04
  3.8300000E-01  1.9644320E-01  6.7449935E-03  1.3808365E-04
  3.8200000E-01  1.9671897E-01  6.7863249E-03  1.3955684E-04
  3.8100000E-01  1.9699437E-01  6.8279120E-03  1.4104639E-04
  3.8000000E-01  1.9726940E-01  6.8697565E-03  1.4255249E-04
  3.7900000E-01  1.9754406E-01  6.9118605E-03  1.4407536E-04
  3.7800000E-01  1.9781834E-01  6.9542257E-03  1.4561518E-04
  3.7700000E-01  1.9809224E-01  6.9968541E-03  1.4717218E-04
  3.7600000E-01  1.9836576E-01  7.0397475E-03  1.4874657E-04
  3.7500000E-01  1.9863889E-01  7.0829080E-03  1.5033855E-04
  3.7400000E-01  1.9891164E-01  7.1263375E-03  1.5194834E-04
  3.7300000E-01  1.9918399E-01  7.1700379E-03  1.5357616E-04
  3.7200000E-01  1.9945595E-01  7.2140113E-03  1.5522223E-04
  3.7100000E-01  1.9972751E-01  7.2582596E-03  1.5688679E-04
  3.7000000E-01  1.9999867E-01  7.3027849E-03  1.5857005E-04
  3.6900000E-01  2.0026943E-01  7.3475892E-03  1.6027225E-04
  3.6800000E-01  2.0053978E-01  7.3926746E-03  1.6199362E-04
  3.6700000E-01  2.0080972E-01  7.4380431E-03  1.6373441E-04
  3.6600000E-01  2.0107925E-01  7.4836969E-03  1.6549485E-04
  3.6500000E-01  2.0134836E-01  7.5296380E-03  1.6727519E-04
  3.6400000E-01  2.0161705E-01  7.5758687E-03  1.6907568E-04
  3.6300000E-01  2.0188532E-01  7.6223910E-03  1.7089657E-04
  3.6200000E-01  2.0215316E-01  7.6692072E-03  1.7273811E-04
  3.6100000E-01  2.0242057E-01  7.7163195E-03  1.7460056E-04
  3.6000000E-01  2.0268755E-01  7.7637300E-03  1.7648419E-04
  3.5900000E-01  2.0295410E-01  7.8114409E-03  1.7838927E-04
  3.5800000E-01  2.0322020E-01  7.8594547E-03  1.8031606E-04
  3.5700000E-01  2.0348586E-01  7.9077734E-03  1.8226483E-04
  3.5600000E-01  2.0375107E-01  7.9563995E-03  1.8423587E-04
  3.5500000E-01  2.0401584E-01  8.0053353E-03  1.8622946E-04
  3.5400000E-01  2.0428015E-01  8.0545830E-03  1.8824588E-04
  3.5300000E-01  2.0454400E-01  8.1041451E-03  1.9028543E-04
  3.5200000E-01  2.0480739E-01  8.1540239E-03  1.9234839E-04
  3.5100000E-01  2.0507031E-01  8.2042219E-03  1.9443507E-04
  3.5000000E-01  2.0533277E-01  8.2547414E-03  1.9654577E-04
  3.4900000E-01  2.0559475E-01  8.3055850E-03  1.9868080E-04
  3.4800000E-01  2.0585626E-01  8.3567550E-03  2.0084047E-04
  3.4700000E-01  2.0611729E-01  8.4082541E-03  2.0302509E-04
  3.4600000E-01  2.0637783E-01  8.4600846E-03  2.0523498E-04
  3.4500000E-01  2.0663788E-01  8.5122492E-03  2.0747048E-04
  3.4400000E-01  2.0689745E-01  8.5647505E-03  2.0973191E-04
  3.4300000E-01  2.0715651E-01  8.6175909E-03  2.1201961E-04
  3.4200000E-01  2.0741508E-01  8.6707732E-03  2.1433391E-04
  3.4100000E-01  2.0767314E-01  8.7243000E-03  2.1667517E-04
  3.4000000E-01  2.0793070E-01  8.7781739E-03  2.1904372E-04
  3.3900000E-01  2.0818774E-01  8.8323977E-03  2.2143993E-04
  3.3800000E-01  2.0844426E-01  8.8869739E-03  2.2386416E-04
  3.3700000E-01  2.0870026E-01  8.9419055E-03  2.2631678E-04
  3.3600000E-01  2.0895574E-01  8.9971951E-03  2.2879815E-04
  3.3500000E-01  2.0921069E-01  9.0528456E-03  2.3130865E-04
  3.3400000E-01  2.0946511E-01  9.1088597E-03  2.3384866E-04
  3.3300000E-01  2.0971898E-01  9.1652404E-03  2.3641857E-04
  3.3200000E-01  2.0997231E-01  9.2219904E-03  2.3901878E-04
  3.3100000E-01  2.1022510E-01  9.2791127E-03  2.4164968E-04
  3.3000000E-01  2.1047733E-01  9.3366102E-03  2.4431169E-04
  3.2900000E-01  2.1072901E-01  9.3944859E-03  2.4700520E-04
  3.2800000E-01  2.1098013E-01  9.4527427E-03  2.4973065E-04
  3.2700000E-01  2.1123067E-01  9.5113837E-03  2.5248845E-04
  3.2600000E-01  2.1148065E-01  9.5704119E-03  2.5527904E-04
  3.2500000E-01  2.1173005E-01  9.6298304E-03  2.5810284E-04
  3.2400000E-01  2.1197888E-01  9.6896423E-03  2.6096032E-04
  3.2300000E-01  2.1222711E-01  9.7498507E-03  2.6385191E-04
  3.2200000E-01  2.1247476E-01  9.8104587E-03  2.6677807E-04
  3.2100000E-01  2.1272181E-01  9.8714696E-03  2.6973927E-04
  3.2000000E-01  2.1296826E-01  9.9328865E-03  2.7273598E-04
  3.1900000E-01  2.1321410E-01  9.9947128E-03  2.7576868E-04
  3.1800000E-01  2.1345933E-01  1.0056952E-02  2.7883785E-04
  3.1700000E-01  2.1370395E-01  1.0119607E-02  2.8194399E-04
  3.1600000E-01  2.1394795E-01  1.0182681E-02  2.8508759E-04
  3.1500000E-01  2.1419131E-01  1.0246177E-02  2.8826918E-04
  3.1400000E-01  2.1443405E-01  1.0310100E-02  2.9148925E-04
  3.1300000E-01  2.1467615E-01  1.0374453E-02  2.9474835E-04
  3.1200000E-01  2.1491760E-01  1.0439238E-02  2.9804699E-04
  3.1100000E-01  2.1515841E-01  1.0504460E-02  3.0138573E-04
  3.1000000E-01  2.1539856E-01  1.0570122E-02  3.0476510E-04
  3.0900000E-01  2.1563805E-01  1.0636227E-02  3.0818567E-04
  3.0800000E-01  2.1587688E-01  1.0702780E-02  3.1164801E-04
  3.0700000E-01  2.1611503E-01  1.0769783E-02  3.1515269E-04
  3.0600000E-01  2.1635251E-01  1.0837242E-02  3.1870029E-04
  3.0500000E-01  2.1658930E-01  1.0905158E-02  3.2229141E-04
  3.0400000E-01  2.1682541E-01  1.0973537E-02  3.2592665E-04
  3.0300000E-01  2.1706081E-01  1.1042381E-02  3.2960663E-04
  3.0200000E-01  2.1729552E-01  1.1111695E-02  3.3333196E-04
  3.0100000E-01  2.1752952E-01  1.1181483E-02  3.3710328E-04
  3.0000000E-01  2.1776280E-01  1.1251748E-02  3.4092123E-04
  2.9900000E-01  2.1799536E-01  1.1322495E-02  3.4478646E-04
  2.9800000E-01  2.1822720E-01  1.1393727E-02  3.4869963E-04
  2.9700000E-01  2.1845830E-01  1.1465449E-02  3.5266142E-04
  2.9600000E-01  2.1868866E-01  1.1537664E-02  3.5667251E-04
  2.9500000E-01  2.1891828E-01  1.1610377E-02  3.6073360E-04
  2.9400000E-01  2.1914714E-01  1.1683591E-02  3.6484539E-04
  2.9300000E-01  2.1937524E-01  1.1757312E-02  3.6900860E-04
  2.9200000E-01  2.1960257E-01  1.1831542E-02  3.7322396E-04
  2.9100000E-01  2.1982913E-01  1.1906287E-02  3.7749221E-04
  2.9000000E-01  2.2005491E-01  1.1981551E-02  3.8181410E-04
  2.8900000E-01  2.2027990E-01  1.2057338E-02  3.8619039E-04
  2.8800000E-01  2.2050409E-01  1.2133653E-02  3.9062187E-04
  2.8700000E-01  2.2072749E-01  1.2210499E-02  3.9510932E-04
  2.8600000E-01  2.2095007E-01  1.2287882E-02  3.9965354E-04
  2.8500000E-01  2.2117183E-01  1.2365806E-02  4.0425536E-04
  2.8400000E-01  2.2139277E-01  1.2444276E-02  4.0891560E-04
  2.8300000E-01  2.2161288E-01  1.2523296E-02  4.1363510E-04
  2.8200000E-01  2.2183215E-01  1.2602871E-02  4.1841473E-04
  2.8100000E-01  2.2205057E-01  1.2683005E-02  4.2325534E-04
  2.8000000E-01  2.2226813E-01  1.2763704E-02  4.2815783E-04
  2.7900000E-01  2.2248483E-01  1.2844972E-02  4.3312309E-04
  2.7800000E-01  2.2270066E-01  1.2926814E-02  4.3815205E-04
  2.7700000E-01  2.2291561E-01  1.3009235E-02  4.4324562E-04
  2.7600000E-01  2.2312967E-01  1.3092240E-02  4.4840476E-04
  2.7500000E-01  2.2334284E-01  1.3175833E-02  4.5363042E-04
  2.7400000E-01  2.2355510E-01  1.3260021E-02  4.5892358E-04
  2.7300000E-01  2.2376645E-01  1.3344808E-02  4.6428524E-04
  2.7200000E-01  2.2397687E-01  1.3430200E-02  4.6971641E-04
  2.7100000E-01  2.2418637E-01  1.3516200E-02  4.7521811E-04
  2.7000000E-01  2.2439493E-01  1.3602816E-02  4.8079138E-04
  2.6900000E-01  2.2460254E-01  1.3690051E-02  4.8643729E-04
  2.6800000E-01  2.2480919E-01  1.3777912E-02  4.9215692E-04
  2.6700000E-01  2.2501488E-01  1.3866404E-02  4.9795136E-04
  2.6600000E-01  2.2521959E-01  1.3955533E-02  5.0382174E-04
  2.6500000E-01  2.2542331E-01  1.4045303E-02  5.0976918E-04
  2.6400000E-01  2.2562605E-01  1.4135721E-02  5.1579484E-04
  2.6300000E-01  2.2582778E-01  1.4226792E-02  5.2189990E-04
  2.6200000E-01  2.2602850E-01  1.4318521E-02  5.2808554E-04
  2.6100000E-01  2.2622819E-01  1.4410916E-02  5.3435300E-04
  2.6000000E-01  2.2642685E-01  1.4503981E-02  5.4070349E-04
  2.5900000E-01  2.2662447E-01  1.4597722E-02  5.4713828E-04
  2.5800000E-01  2.2682104E-01  1.4692146E-02  5.5365864E-04
  2.5700000E-01  2.2701655E-01  1.4787257E-02  5.6026588E-04
  2.5600000E-01  2.2721098E-01  1.4883064E-02  5.6696132E-04
  2.5500000E-01  2.2740433E-01  1.4979570E-02  5.7374631E-04
  2.5400000E-01  2.2759658E-01  1.5076784E-02  5.8062221E-04
  2.5300000E-01  2.2778774E-01  1.5174710E-02  5.8759042E-04
  2.5200000E-01  2.2797777E-01  1.5273356E-02  5.9465235E-04
  2.5100000E-01  2.2816668E-01  1.5372727E-02  6.0180945E-04
  2.5000000E-01  2.2835445E-01  1.5472830E-02  6.0906318E-04
  2.4900000E-01  2.2854108E-01  1.5573672E-02  6.1641504E-04
  2.4800000E-01  2.2872654E-01  1.5675259E-02  6.2386654E-04
  2.4700000E-01  2.2891084E-01  1.5777597E-02  6.3141924E-04
  2.4600000E-01  2.2909395E-01  1.5880695E-02  6.3907470E-04
  2.4500000E-01  2.2927587E-01  1.5984557E-02  6.4683452E-04
  2.4400000E-01  2.2945658E-01  1.6089192E-02  6.5470034E-04
  2.4300000E-01  2.2963607E-01  1.6194605E-02  6.6267382E-04
  2.4200000E-01  2.2981433E-01  1.6300805E-02  6.7075663E-04
  2.4100000E-01  2.2999135E-01  1.6407798E-02  6.7895050E-04
  2.4000000E-01  2.3016712E-01  1.6515591E-02  6.8725717E-04
  2.3900000E-01  2.3034161E-01  1.6624191E-02  6.9567843E-04
  2.3800000E-01  2.3051483E-01  1.6733606E-02  7.0421609E-04
  2.3700000E-01  2.3068676E-01  1.6843843E-02  7.1287198E-04
  2.3600000E-01  2.3085737E-01  1.6954909E-02  7.2164799E-04
  2.3500000E-01  2.3102667E-01  1.7066812E-02  7.3054603E-04
  2.3400000E-01  2.3119464E-01  1.7179560E-02  7.3956803E-04
  2.3300000E-01  2.3136126E-01  1.7293159E-02  7.4871598E-04
  2.3200000E-01  2.3152652E-01  1.7407619E-02  7.5799191E-04
  2.3100000E-01  2.3169041E-01  1.7522946E-02  7.6739784E-04
  2.3000000E-01  2.3185291E-01  1.7639149E-02  7.7693589E-04
  2.2900000E-01  2.3201401E-01  1.7756235E-02  7.8660817E-04
  2.2800000E-01  2.3217369E-01  1.7874212E-02  7.9641685E-04
  2.2700000E-01  2.3233194E-01  1.7993089E-02  8.0636414E-04
  2.2600000E-01  2.3248875E-01  1.8112873E-02  8.1645228E-04
  2.2500000E-01  2.3264410E-01  1.8233574E-02  8.2668356E-04
  2.2400000E-01  2.3279797E-01  1.8355199E-02  8.3706031E-04
  2.2300000E-01  2.3295035E-01  1.8477757E-02  8.4758489E-04
  2.2200000E-01  2.3310123E-01  1.8601256E-02  8.5825974E-04
  2.2100000E-01  2.3325058E-01  1.8725704E-02  8.6908730E-04
  2.2000000E-01  2.3339840E-01  1.8851112E-02  8.8007008E-04
  2.1900000E-01  2.3354467E-01  1.8977487E-02  8.9121063E-04
  2.1800000E-01  2.3368936E-01  1.9104838E-02  9.0251156E-04
  2.1700000E-01  2.3383248E-01  1.9233174E-02  9.1397551E-04
  2.1600000E-01  2.3397399E-01  1.9362504E-02  9.2560518E-04
  2.1500000E-01  2.3411388E-01  1.9492837E-02  9.3740331E-04
  2.1400000E-01  2.3425214E-01  1.9624183E-02  9.4937270E-04
  2.1300000E-01  2.3438874E-01  1.9756550E-02  9.6151621E-04
  2.1200000E-01  2.3452367E-01  1.9889949E-02  9.7383673E-04
  2.1100000E-01  2.3465692E-01  2.0024388E-02  9.8633724E-04
  2.1000000E-01  2.3478846E-01  2.0159877E-02  9.9902073E-04
  2.0900000E-01  2.3491828E-01  2.0296426E-02  1.0118903E-03
  2.0800000E-01  2.3504636E-01  2.0434045E-02  1.0249490E-03
  2.0700000E-01  2.3517268E-01  2.0572742E-02  1.0382001E-03
  2.0600000E-01  2.3529722E-01  2.0712529E-02  1.0516469E-03
  2.0500000E-01  2.3541996E-01  2.0853416E-02  1.0652926E-03
  2.0400000E-01  2.3554088E-01  2.0995411E-02  1.0791406E-03
  2.0300000E-01  2.3565997E-01  2.1138526E-02  1.0931943E-03
  2.0200000E-01  2.3577721E-01  2.1282771E-02  1.1074573E-03
  2.0100000E-01  2.3589257E-01  2.1428156E-02  1.1219331E-03
  2.0000000E-01  2.3600604E-01  2.1574692E-02  1.1366254E-03
  1.9900000E-01  2.3611759E-01  2.1722389E-02  1.1515378E-03
  1.9800000E-01  2.3622720E-01  2.1871258E-02  1.1666741E-03
  1.9700000E-01  2.3633486E-01  2.2021309E-02  1.1820383E-03
  1.9600000E-01  2.3644054E-01  2.2172554E-02  1.1976341E-03
  1.9500000E-01  2.3654422E-01  2.2325004E-02  1.2134657E-03
  1.9400000E-01  2.3664588E-01  2.2478669E-02  1.2295370E-03
  1.9300000E-01  2.3674550E-01  2.2633560E-02  1.2458523E-03
  1.9200000E-01  2.3684305E-01  2.2789690E-02  1.2624158E-03
  1.9100000E-01  2.3693852E-01  2.2947068E-02  1.2792317E-03
  1.9000000E-01  2.3703188E-01  2.3105708E-02  1.2963046E-03
  1.8900000E-01  2.3712311E-01  2.3265619E-02  1.3136388E-03
  1.8800000E-01  2.3721218E-01  2.3426814E-02  1.3312390E-03
  1.8700000E-01  2.3729908E-01  2.3589305E-02  1.3491098E-03
  1.8600000E-01  2.3738377E-01  2.3753103E-02  1.3672560E-03
  1.8500000E-01  2.3746624E-01  2.3918220E-02  1.3856823E-03
  1.8400000E-01  2.3754645E-01  2.4084669E-02  1.4043938E-03
  1.8300000E-01  2.3762439E-01  2.4252461E-02  1.4233955E-03
  1.8200000E-01  2.3770004E-01  2.4421608E-02  1.4426925E-03
  1.8100000E-01  2.3777335E-01  2.4592123E-02  1.4622901E-03
  1.8000000E-01  2.3784432E-01  2.4764018E-02  1.4821936E-03
  1.7900000E-01  2.3791291E-01  2.4937306E-02  1.5024083E-03
  1.7800000E-01  2.3797910E-01  2.5111999E-02  1.5229400E-03
  1.7700000E-01  2.3804286E-01  2.5288110E-02  1.5437942E-03
  1.7600000E-01  2.3810417E-01  2.5465651E-02  1.5649766E-03
  1.7500000E-01  2.3816300E-01  2.5644636E-02  1.5864933E-03
  1.7400000E-01  2.3821931E-01  2.5825077E-02  1.6083501E-03
  1.7300000E-01  2.3827309E-01  2.6006987E-02  1.6305533E-03
  1.7200000E-01  2.3832431E-01  2.6190380E-02  1.6531089E-03
  1.7100000E-01  2.3837294E-01  2.6375269E-02  1.6760235E-03
  1.7000000E-01  2.3841894E-01  2.6561666E-02  1.6993033E-03
  1.6900000E-01  2.3846229E-01  2.6749586E-02  1.7229552E-03
  1.6800000E-01  2.3850297E-01  2.6939041E-02  1.7469858E-03
  1.6700000E-01  2.3854094E-01  2.7130045E-02  1.7714020E-03
  1.6600000E-01  2.3857617E-01  2.7322613E-02  1.7962108E-03
  1.6500000E-01  2.3860863E-01  2.7516756E-02  1.8214193E-03
  1.6400000E-01  2.3863829E-01  2.7712490E-02  1.8470349E-03
  1.6300000E-01  2.3866512E-01  2.7909828E-02  1.8730649E-03
  1.6200000E-01  2.3868909E-01  2.8108784E-02  1.8995170E-03
  1.6100000E-01  2.3871017E-01  2.8309371E-02  1.9263989E-03
  1.6000000E-01  2.3872833E-01  2.8511604E-02  1.9537185E-03
  1.5900000E-01  2.3874353E-01  2.8715497E-02  1.9814837E-03
  1.5800000E-01  2.3875574E-01  2.8921065E-02  2.0097029E-03
  1.5700000E-01  2.3876493E-01  2.9128320E-02  2.0383844E-03
  1.5600000E-01  2.3877107E-01  2.9337278E-02  2.0675366E-03
  1.5500000E-01  2.3877412E-01  2.9547953E-02  2.0971683E-03
  1.5400000E-01  2.3877404E-01  2.9760358E-02  2.1272884E-03
  1.5300000E-01  2.3877081E-01  2.9974510E-02  2.1579059E-03
  1.5200000E-01  2.3876439E-01  3.0190421E-02  2.1890300E-03
  1.5100000E-01  2.3875474E-01  3.0408107E-02  2.2206701E-03
  1.5000000E-01  2.3874183E-01  3.0627581E-02  2.2528359E-03
  1.4900000E-01  2.3872563E-01  3.0848859E-02  2.2855370E-03
  1.4800000E-01  2.3870609E-01  3.1071955E-02  2.3187835E-03
  1.4700000E-01  2.3868318E-01  3.1296883E-02  2.3525854E-03
  1.4600000E-01  2.3865687E-01  3.1523659E-02  2.3869533E-03
  1.4500000E-01  2.3862711E-01  3.1752296E-02  2.4218976E-03
  1.4400000E-01  2.3859387E-01  3.1982809E-02  2.4574292E-03
  1.4300000E-01  2.3855712E-01  3.2215213E-02  2.4935589E-03
  1.4200000E-01  2.3851681E-01  3.2449523E-02  2.5302980E-03
  1.4100000E-01  2.3847290E-01  3.2685752E-02  2.5676580E-03
  1.4000000E-01  2.3842536E-01  3.2923916E-02  2.6056505E-03
  1.3900000E-01  2.3837415E-01  3.3164029E-02  2.6442872E-03
  1.3800000E-01  2.3831922E-01  3.3406106E-02  2.6835804E-03
  1.3700000E-01  2.3826055E-01  3.3650160E-02  2.7235424E-03
  1.3600000E-01  2.3819808E-01  3.3896207E-02  2.7641857E-03
  1.3500000E-01  2.3813178E-01  3.4144260E-02  2.8055232E-03
  1.3400000E-01  2.3806161E-01  3.4394334E-02  2.8475678E-03
  1.3300000E-01  2.3798752E-01  3.4646442E-02  2.8903330E-03
  1.3200000E-01  2.3790948E-01  3.4900600E-02  2.9338323E-03
  1.3100000E-01  2.3782744E-01  3.5156821E-02  2.9780794E-03
  1.3000000E-01  2.3774136E-01  3.5415119E-02  3.0230885E-03
  1.2900000E-01  2.3765120E-01  3.5675507E-02  3.0688740E-03
  1.2800000E-01  2.3755692E-01  3.5937999E-02  3.1154505E-03
  1.2700000E-01  2.3745847E-01  3.6202609E-02  3.1628328E-03
  1.2600000E-01  2.3735581E-01  3.6469350E-02  3.2110361E-03
  1.2500000E-01  2.3724889E-01  3.6738236E-02  3.2600759E-03
  1.2400000E-01  2.3713768E-01  3.7009278E-02  3.3099680E-03
  1.2300000E-01  2.3702213E-01  3.7282491E-02  3.3607284E-03
  1.2200000E-01  2.3690220E-01  3.7557886E-02  3.4123734E-03
  1.2100000E-01  2.3677783E-01  3.7835476E-02  3.4649196E-03
  1.2000000E-01  2.3664899E-01  3.8115274E-02  3.5183840E-03
  1.1900000E-01  2.3651564E-01  3.8397291E-02  3.5727839E-03
  1.1800000E-01  2.3637772E-01  3.8681538E-02  3.6281368E-03
  1.1700000E-01  2.3623520E-01  3.8968028E-02  3.6844605E-03
  1.1600000E-01  2.3608802E-01  3.9256771E-02  3.7417733E-03
  1.1500000E-01  2.3593614E-01  3.9547778E-02  3.8000937E-03
  1.1400000E-01  2.3577952E-01  3.9841060E-02  3.8594404E-03
  1.1300000E-01  2.3561811E-01  4.0136627E-02  3.9198327E-03
  1.1200000E-01  2.3545187E-01  4.0434488E-02  3.9812901E-03
  1.1100000E-01  2.3528074E-01  4.0734654E-02  4.0438323E-03
  1.1000000E-01  2.3510469E-01  4.1037132E-02  4.1074796E-03
  1.0900000E-01  2.3492367E-01  4.1341932E-02  4.1722524E-03
  1.0800000E-01  2.3473763E-01  4.1649062E-02  4.2381717E-03
  1.0700000E-01  2.3454653E-01  4.1958529E-02  4.3052585E-03
  1.0600000E-01  2.3435032E-01  4.2270340E-02  4.3735345E-03
  1.0500000E-01  2.3414896E-01  4.2584504E-02  4.4430214E-03
  1.0400000E-01  2.3394240E-01  4.2901024E-02  4.5137416E-03
  1.0300000E-01  2.3373059E-01  4.3219909E-02  4.5857177E-03
  1.0200000E-01  2.3351350E-01  4.3541161E-02  4.6589725E-03
  1.0100000E-01  2.3329107E-01  4.3864786E-02  4.7335294E-03
  1.0000000E-01  2.3306326E-01  4.4190788E-02  4.8094121E-03
  9.9000000E-02  2.3283003E-01  4.4519170E-02  4.8866444E-03
  9.8000000E-02  2.3259134E-01  4.4849934E-02  4.9652508E-03
  9.7000000E-02  2.3234713E-01  4.5183082E-02  5.0452559E-03
  9.6000000E-02  2.3209737E-01  4.5518615E-02  5.1266849E-03
  9.5000000E-02  2.3184202E-01  4.5856535E-02  5.2095631E-03
  9.4000000E-02  2.3158102E-01  4.6196839E-02  5.2939163E-03
  9.3000000E-02  2.3131435E-01  4.6539528E-02  5.3797705E-03
  9.2000000E-02  2.3104195E-01  4.6884598E-02  5.4671523E-03
  9.1000000E-02  2.3076379E-01  4.7232047E-02  5.5560883E-03
  9.0000000E-02  2.3047983E-01  4.7581871E-02  5.6466056E-03
  8.9000000E-02  2.3019003E-01  4.7934066E-02  5.7387318E-03
  8.8000000E-02  2.2989434E-01  4.8288624E-02  5.8324945E-03
  8.7000000E-02  2.2959274E-01  4.8645541E-02  5.9279218E-03
  8.6000000E-02  2.2928519E-01  4.9004807E-02  6.0250420E-03
  8.5000000E-02  2.2897164E-01  4.9366414E-02  6.1238840E-03
  8.4000000E-02  2.2865207E-01  4.9730352E-02  6.2244765E-03
  8.3000000E-02  2.2832644E-01  5.0096610E-02  6.3268489E-03
  8.2000000E-02  2.2799472E-01  5.0465175E-02  6.4310307E-03
  8.1000000E-02  2.2765687E-01  5.0836034E-02  6.5370517E-03
  8.0000000E-02  2.2731287E-01  5.1209173E-02  6.6449418E-03
  7.9000000E-02  2.2696268E-01  5.1584575E-02  6.7547314E-03
  7.8000000E-02  2.2660628E-01  5.1962223E-02  6.8664509E-03
  7.7000000E-02  2.2624365E-01  5.2342098E-02  6.9801311E-03
  7.6000000E-02  2.2587476E-01  5.2724180E-02  7.0958026E-03
  7.5000000E-02  2.2549957E-01  5.3108449E-02  7.2134968E-03
  7.4000000E-02  2.2511809E-01  5.3494880E-02  7.3332446E-03
  7.3000000E-02  2.2473027E-01  5.3883450E-02  7.4550775E-03
  7.2000000E-02  2.2433611E-01  5.4274133E-02  7.5790268E-03
  7.1000000E-02  2.2393559E-01  5.4666902E-02  7.7051242E-03
  7.0000000E-02  2.2352870E-01  5.5061726E-02  7.8334011E-03
  6.9000000E-02  2.2311542E-01  5.5458577E-02  7.9638892E-03
  6.8000000E-02  2.2269574E-01  5.5857421E-02  8.0966202E-03
  6.7000000E-02  2.2226966E-01  5.6258225E-02  8.2316257E-03
  6.6000000E-02  2.2183717E-01  5.6660954E-02  8.3689372E-03
  6.5000000E-02  2.2139826E-01  5.7065569E-02  8.5085863E-03
  6.4000000E-02  2.2095295E-01  5.7472031E-02  8.6506042E-03
  6.3000000E-02  2.2050123E-01  5.7880301E-02  8.7950223E-03
  6.2000000E-02  2.2004310E-01  5.8290335E-02  8.9418717E-03
  6.1000000E-02  2.1957858E-01  5.8702089E-02  9.0911831E-03
  6.0000000E-02  2.1910767E-01  5.9115516E-02  9.2429872E-03
  5.9000000E-02  2.1863039E-01  5.9530568E-02  9.3973142E-03
  5.8000000E-02  2.1814675E-01  5.9947196E-02  9.5541940E-03
  5.7000000E-02  2.1765678E-01  6.0365346E-02  9.7136563E-03
  5.6000000E-02  2.1716050E-01  6.0784966E-02  9.8757302E-03
  5.5000000E-02  2.1665793E-01  6.1205998E-02  1.0040444E-02
  5.4000000E-02  2.1614911E-01  6.1628386E-02  1.0207827E-02
  5.3000000E-02  2.1563406E-01  6.2052070E-02  1.0377905E-02
  5.2000000E-02  2.1511284E-01  6.2476988E-02  1.0550706E-02
  5.1000000E-02  2.1458547E-01  6.2903075E-02  1.0726257E-02
  5.0000000E-02  2.1405201E-01  6.3330268E-02  1.0904581E-02
  4.9000000E-02  2.1351249E-01  6.3758497E-02  1.1085705E-02
  4.8000000E-02  2.1296699E-01  6.4187694E-02  1.1269652E-02
  4.7000000E-02  2.1241554E-01  6.4617787E-02  1.1456446E-02
  4.6000000E-02  2.1185822E-01  6.5048702E-02  1.1646107E-02
  4.5000000E-02  2.1129509E-01  6.5480365E-02  1.1838657E-02
  4.4000000E-02  2.1072621E-01  6.5912698E-02  1.2034116E-02
  4.3000000E-02  2.1015167E-01  6.6345623E-02  1.2232502E-02
  4.2000000E-02  2.0957153E-01  6.6779058E-02  1.2433833E-02
  4.1000000E-02  2.0898590E-01  6.7212921E-02  1.2638125E-02
  4.0000000E-02  2.0839484E-01  6.7647128E-02  1.2845393E-02
  3.9000000E-02  2.0779846E-01  6.8081593E-02  1.3055650E-02
  3.8000000E-02  2.0719685E-01  6.8516227E-02  1.3268908E-02
  3.7000000E-02  2.0659011E-01  6.8950943E-02  1.3485178E-02
  3.6000000E-02  2.0597836E-01  6.9385650E-02  1.3704467E-02
  3.5000000E-02  2.0536169E-01  6.9820254E-02  1.3926783E-02
  3.4000000E-02  2.0474023E-01  7.0254663E-02  1.4152132E-02
  3.3000000E-02  2.0411410E-01  7.0688782E-02  1.4380516E-02
  3.2000000E-02  2.0348342E-01  7.1122514E-02  1.4611937E-02
  3.1000000E-02  2.0284832E-01  7.1555763E-02  1.4846395E-02
  3.0000000E-02  2.0220895E-01  7.1988430E-02  1.5083887E-02
  2.9000000E-02  2.0156543E-01  7.2420416E-02  1.5324408E-02
  2.8000000E-02  2.0091792E-01  7.2851620E-02  1.5567952E-02
  2.7000000E-02  2.0026656E-01  7.3281941E-02  1.5814510E-02
  2.6000000E-02  1.9961151E-01  7.3711279E-02  1.6064071E-02
  2.5000000E-02  1.9895293E-01  7.4139530E-02  1.6316621E-02
  2.4000000E-02  1.9829097E-01  7.4566592E-02  1.6572144E-02
  2.3000000E-02  1.9762581E-01  7.4992363E-02  1.6830623E-02
  2.2000000E-02  1.9695762E-01  7.5416738E-02  1.7092036E-02
  2.1000000E-02  1.9628658E-01  7.5839615E-02  1.7356360E-02
  2.0000000E-02  1.9561286E-01  7.6260890E-02  1.7623571E-02
  1.9000000E-02  1.9493666E-01  7.6680461E-02  1.7893638E-02
  1.8000000E-02  1.9425815E-01  7.7098225E-02  1.8166532E-02
  1.7000000E-02  1.9357753E-01  7.7514079E-02  1.8442219E-02
  1.6000000E-02  1.9289500E-01  7.7927922E-02  1.8720663E-02
  1.5000000E-02  1.9221075E-01  7.8339653E-02  1.9001826E-02
  1.4000000E-02  1.9152499E-01  7.8749172E-02  1.9285666E-02
  1.3000000E-02  1.9083793E-01  7.9156380E-02  1.9572138E-02
  1.2000000E-02  1.9014976E-01  7.9561179E-02  1.9861198E-02
  1.1000000E-02  1.8946071E-01  7.9963473E-02  2.0152795E-02
  1.0000000E-02  1.8877098E-01  8.0363166E-02  2.0446877E-02
  9.0000000E-03  1.8808080E-01  8.0760166E-02  2.0743390E-02
  8.0000000E-03  1.8739036E-01  8.1154379E-02  2.1042278E-02
  7.0000000E-03  1.8669991E-01  8.1545717E-02  2.1343481E-02
  6.0000000E-03  1.8600965E-01  8.1934091E-02  2.1646936E-02
  5.0000000E-03  1.8531981E-01  8.2319416E-02  2.1952581E-02
  4.0000000E-03  1.8463061E-01  8.2701609E-02  2.2260347E-02
  3.0000000E-03  1.8394227E-01  8.3080587E-02  2.2570166E-02
  2.0000000E-03  1.8325502E-01  8.3456274E-02  2.2881967E-02
  1.0000000E-03  1.8256908E-01  8.3828591E-02  2.3195677E-02
 -8.8123953E-16  1.8188468E-01  8.4197468E-02  2.3511220E-02
